c101

VEHICLE
NUMBER		 CAPACITY
	6				 20

CUSTOMER
CUST NO.     XCOORD.    YCOORD.      DEMAND    READY TIME  DUE DATE  SERVICE TIME  AVAIL. TIME

	 0				   40				   50				    0				   0				  3600				   0				    0
     1				   22				   75				    1				   0				  600				   30				    0
     2				   65				   85				    2				   0				  300				   60				    0
     3				   40				   5				    2				   0				  900				   60				    0
     4				   2				   45				    2				   0				  1800				   60				    0
     5				   40				   60				    3				   0				  1200				   90				    0
     6				   5				   5				    2				   0				  3300				   60				    0
     7				   95				   30				    3				   0				  900				   90				    0
     8				   49				   42				    2				   0				  1800				   60				    0
     9				   4				   18				    2				   0				  3300				   60				    0
    10				   31				   67				    4				   0				  2400				   120				    0
    11				   10				   20				    2				   0				  2700				   60				    0
    12				   80				   70				    2				   0				  1800				   60				    0
    13				   72				   35				    4				   0				  2700				   120				    0
    14				   60				   10				    3				   0				  1800				   90				    0
    15				   90				   35				    4				   0				  300				   120				    0
    16				   55				   85				    2				   0				  1200				   60				    0
    17				   58				   75				    1				   0				  1800				   30				    0
    18				   25				   30				    2				   0				  2700				   60				    0
    19				   15				   60				    4				   0				  900				   120				    0
    20				   63				   65				    2				   0				  600				   60				    0
    21				   23				   3				    3				   0				  3000				   90				    0
    22				   6				   68				    2				   0				  1200				   60				    0
    23				   37				   47				    2				   0				  2700				   60				    0
    24				   61				   52				    1				   0				  1800				   30				    0
    25				   55				   54				    1				   0				  1800				   30				    0
    26				   20				   85				    2				   0				  2100				   60				    1020
    27				   85				   25				    1				   0				  2100				   30				    1200
    28				   8				   56				    1				   0				  3000				   30				    1860
    29				   27				   43				    2				   0				  3000				   60				    1860
    30				   57				   37				    1				   0				  2880				   30				    1860