1:

Ant{
	tours=[[-1, 7, 8, 11, 13, 12, 51, 48, 10, 14, 40, -1], [-1, 39, 38, 29, 30, 31, 36, 44, 41, 43, 46, 27, -1], [-1, 21, 20, 19, 28, 23, 45, 15, 18, 17, 37, 16, -1], [-1, 26, 0, 35, 34, 53, 33, 3, 56, 55, 1, -1], [-1, 9, 47, 42, 6, 5, 4, 50, 2, 32, 52, -1], [-1, 58, 54, 49, 22, 25, 57, 24, -1]]
	tour_lengths=[1.7161222246630623, 2.30363564258852, 1.8953885586198949, 1.4423339205583379, 2.0144625023801397, 1.3288786335092253]
	beginService=[0.0, 1.0946026152894708, 51.54494538857638, 60.2035152439415, 43.20833333333333, 46.33333333333333, 45.875, 39.64163943093313, 0.1416394309331329, 5.25, 0.21960261528947078, 36.31944444444444, 5.917052171907222, 8.168039224849798, 7.236496616351666, 45.875, 16.159880198899664, 29.041666666666664, 17.219203232285164, 16.721551122634533, 7.680555555555555, 2.833333333333333, 0.4869041150821696, 42.95833333333333, 13.833333333333332, 59.388888888888886, 43.41666666666666, 0.21960261528947078, 54.041666666666664, 8.470934001307603, 6.939264637658177, 7.425375748769288, 8.773585023934086, 61.32685709141124, 38.43055555555555, 2.638601883312613, 1.7163362689038237, 9.676362801711864, 17.66364767672961, 6.152777777777778, 0.268238998830944, 65.69444444444444, 12.183239156822475, 38.666666666666664, 12.69811509865394, 11.280461379044697, 15.598209275164796, 38.666666666666664, 0.9468342788311082, 21.11111111111111, 37.864566798566855, 59.388888888888886, 9.229167273000586, 61.793600859126016, 3.9633958389672586, 36.25, 51.10050094413194, 50.23611111111111, 43.902777777777764, 0.26679684322636865, 0.0, 0.0, 0.0, 0.0, 0.0]
	usedVehicles=6
	currentTime=[65.69444444444444, 54.041666666666664, 0.0, 51.54494538857638, 61.793600859126016, 59.388888888888886]
	currentQuantity=[[18.0, 18.0], [20.0, 20.0], [19.0, 19.0], [20.0, 20.0], [17.0, 17.0], [12.0, 12.0]]
	total_tour_length=10.700821482319181
	costObjectives=[10.700821482319181, 0.9747570090792947]
}

2:

Ant{
	tours=[[-1, 7, 8, 11, 13, 12, 51, 48, 10, 14, 40, -1], [-1, 39, 38, 29, 30, 31, 36, 44, 41, 43, 46, 27, -1], [-1, 21, 20, 19, 28, 23, 45, 15, 18, 17, 37, 16, -1], [-1, 26, 0, 35, 34, 53, 33, 3, 56, 55, 1, -1], [-1, 9, 47, 42, 6, 5, 4, 50, 2, 32, 52, -1], [-1, 58, 54, 49, 22, 25, 57, 24, -1]]
	tour_lengths=[1.7161222246630623, 2.30363564258852, 1.8953885586198949, 1.4423339205583379, 2.0144625023801397, 1.3288786335092253]
	beginService=[0.0, 1.0946026152894708, 51.54494538857638, 60.2035152439415, 43.20833333333333, 46.33333333333333, 45.875, 39.64163943093313, 0.1416394309331329, 5.25, 0.21960261528947078, 36.31944444444444, 5.917052171907222, 8.168039224849798, 7.236496616351666, 45.875, 16.159880198899664, 29.041666666666664, 17.219203232285164, 16.721551122634533, 7.680555555555555, 2.833333333333333, 0.4869041150821696, 42.95833333333333, 13.833333333333332, 59.388888888888886, 43.41666666666666, 0.21960261528947078, 54.041666666666664, 8.470934001307603, 6.939264637658177, 7.425375748769288, 8.773585023934086, 61.32685709141124, 38.43055555555555, 2.638601883312613, 1.7163362689038237, 9.676362801711864, 17.66364767672961, 6.152777777777778, 0.268238998830944, 65.69444444444444, 12.183239156822475, 38.666666666666664, 12.69811509865394, 11.280461379044697, 15.598209275164796, 38.666666666666664, 0.9468342788311082, 21.11111111111111, 37.864566798566855, 59.388888888888886, 9.229167273000586, 61.793600859126016, 3.9633958389672586, 36.25, 51.10050094413194, 50.23611111111111, 43.902777777777764, 0.26679684322636865, 0.0, 0.0, 0.0, 0.0, 0.0]
	usedVehicles=6
	currentTime=[65.69444444444444, 54.041666666666664, 0.0, 51.54494538857638, 61.793600859126016, 59.388888888888886]
	currentQuantity=[[18.0, 18.0], [20.0, 20.0], [19.0, 19.0], [20.0, 20.0], [17.0, 17.0], [12.0, 12.0]]
	total_tour_length=10.700821482319181
	costObjectives=[10.700821482319181, 0.9747570090792947]
}

3:

Ant{
	tours=[[-1, 7, 8, 11, 13, 12, 51, 48, 10, 14, 40, -1], [-1, 39, 38, 29, 30, 31, 36, 44, 41, 43, 46, 27, -1], [-1, 21, 20, 19, 28, 23, 45, 15, 18, 17, 37, 16, -1], [-1, 26, 0, 35, 34, 53, 33, 3, 56, 55, 1, -1], [-1, 9, 47, 42, 6, 5, 4, 50, 2, 32, 52, -1], [-1, 58, 54, 49, 22, 25, 57, 24, -1]]
	tour_lengths=[1.7161222246630623, 2.30363564258852, 1.8953885586198949, 1.4423339205583379, 2.0144625023801397, 1.3288786335092253]
	beginService=[0.0, 1.0946026152894708, 51.54494538857638, 60.2035152439415, 43.20833333333333, 46.33333333333333, 45.875, 39.64163943093313, 0.1416394309331329, 5.25, 0.21960261528947078, 36.31944444444444, 5.917052171907222, 8.168039224849798, 7.236496616351666, 45.875, 16.159880198899664, 29.041666666666664, 17.219203232285164, 16.721551122634533, 7.680555555555555, 2.833333333333333, 0.4869041150821696, 42.95833333333333, 13.833333333333332, 59.388888888888886, 43.41666666666666, 0.21960261528947078, 54.041666666666664, 8.470934001307603, 6.939264637658177, 7.425375748769288, 8.773585023934086, 61.32685709141124, 38.43055555555555, 2.638601883312613, 1.7163362689038237, 9.676362801711864, 17.66364767672961, 6.152777777777778, 0.268238998830944, 65.69444444444444, 12.183239156822475, 38.666666666666664, 12.69811509865394, 11.280461379044697, 15.598209275164796, 38.666666666666664, 0.9468342788311082, 21.11111111111111, 37.864566798566855, 59.388888888888886, 9.229167273000586, 61.793600859126016, 3.9633958389672586, 36.25, 51.10050094413194, 50.23611111111111, 43.902777777777764, 0.26679684322636865, 0.0, 0.0, 0.0, 0.0, 0.0]
	usedVehicles=6
	currentTime=[65.69444444444444, 54.041666666666664, 0.0, 51.54494538857638, 61.793600859126016, 59.388888888888886]
	currentQuantity=[[18.0, 18.0], [20.0, 20.0], [19.0, 19.0], [20.0, 20.0], [17.0, 17.0], [12.0, 12.0]]
	total_tour_length=10.700821482319181
	costObjectives=[10.700821482319181, 0.9747570090792947]
}

4:

Ant{
	tours=[[-1, 7, 8, 11, 13, 12, 51, 48, 10, 14, 40, -1], [-1, 39, 38, 29, 30, 31, 36, 44, 41, 43, 46, 27, -1], [-1, 21, 20, 19, 28, 23, 45, 15, 18, 17, 37, 16, -1], [-1, 26, 0, 35, 34, 53, 33, 3, 56, 55, 1, -1], [-1, 9, 47, 42, 6, 5, 4, 50, 2, 32, 52, -1], [-1, 58, 54, 49, 22, 25, 57, 24, -1]]
	tour_lengths=[1.7161222246630623, 2.30363564258852, 1.8953885586198949, 1.4423339205583379, 2.0144625023801397, 1.3288786335092253]
	beginService=[0.0, 1.0946026152894708, 51.54494538857638, 60.2035152439415, 43.20833333333333, 46.33333333333333, 45.875, 39.64163943093313, 0.1416394309331329, 5.25, 0.21960261528947078, 36.31944444444444, 5.917052171907222, 8.168039224849798, 7.236496616351666, 45.875, 16.159880198899664, 29.041666666666664, 17.219203232285164, 16.721551122634533, 7.680555555555555, 2.833333333333333, 0.4869041150821696, 42.95833333333333, 13.833333333333332, 59.388888888888886, 43.41666666666666, 0.21960261528947078, 54.041666666666664, 8.470934001307603, 6.939264637658177, 7.425375748769288, 8.773585023934086, 61.32685709141124, 38.43055555555555, 2.638601883312613, 1.7163362689038237, 9.676362801711864, 17.66364767672961, 6.152777777777778, 0.268238998830944, 65.69444444444444, 12.183239156822475, 38.666666666666664, 12.69811509865394, 11.280461379044697, 15.598209275164796, 38.666666666666664, 0.9468342788311082, 21.11111111111111, 37.864566798566855, 59.388888888888886, 9.229167273000586, 61.793600859126016, 3.9633958389672586, 36.25, 51.10050094413194, 50.23611111111111, 43.902777777777764, 0.26679684322636865, 0.0, 0.0, 0.0, 0.0, 0.0]
	usedVehicles=6
	currentTime=[65.69444444444444, 54.041666666666664, 0.0, 51.54494538857638, 61.793600859126016, 59.388888888888886]
	currentQuantity=[[18.0, 18.0], [20.0, 20.0], [19.0, 19.0], [20.0, 20.0], [17.0, 17.0], [12.0, 12.0]]
	total_tour_length=10.700821482319181
	costObjectives=[10.700821482319181, 0.9747570090792947]
}

5:

Ant{
	tours=[[-1, 7, 8, 11, 13, 12, 51, 48, 10, 14, 40, -1], [-1, 39, 38, 29, 30, 31, 36, 44, 41, 43, 46, 27, -1], [-1, 21, 20, 19, 28, 23, 45, 15, 18, 17, 37, 16, -1], [-1, 26, 0, 35, 34, 53, 33, 3, 56, 55, 1, -1], [-1, 9, 47, 42, 6, 5, 4, 50, 2, 32, 52, -1], [-1, 58, 54, 49, 22, 25, 57, 24, -1]]
	tour_lengths=[1.7161222246630623, 2.30363564258852, 1.8953885586198949, 1.4423339205583379, 2.0144625023801397, 1.3288786335092253]
	beginService=[0.0, 1.0946026152894708, 51.54494538857638, 60.2035152439415, 43.20833333333333, 46.33333333333333, 45.875, 39.64163943093313, 0.1416394309331329, 5.25, 0.21960261528947078, 36.31944444444444, 5.917052171907222, 8.168039224849798, 7.236496616351666, 45.875, 16.159880198899664, 29.041666666666664, 17.219203232285164, 16.721551122634533, 7.680555555555555, 2.833333333333333, 0.4869041150821696, 42.95833333333333, 13.833333333333332, 59.388888888888886, 43.41666666666666, 0.21960261528947078, 54.041666666666664, 8.470934001307603, 6.939264637658177, 7.425375748769288, 8.773585023934086, 61.32685709141124, 38.43055555555555, 2.638601883312613, 1.7163362689038237, 9.676362801711864, 17.66364767672961, 6.152777777777778, 0.268238998830944, 65.69444444444444, 12.183239156822475, 38.666666666666664, 12.69811509865394, 11.280461379044697, 15.598209275164796, 38.666666666666664, 0.9468342788311082, 21.11111111111111, 37.864566798566855, 59.388888888888886, 9.229167273000586, 61.793600859126016, 3.9633958389672586, 36.25, 51.10050094413194, 50.23611111111111, 43.902777777777764, 0.26679684322636865, 0.0, 0.0, 0.0, 0.0, 0.0]
	usedVehicles=6
	currentTime=[65.69444444444444, 54.041666666666664, 0.0, 51.54494538857638, 61.793600859126016, 59.388888888888886]
	currentQuantity=[[18.0, 18.0], [20.0, 20.0], [19.0, 19.0], [20.0, 20.0], [17.0, 17.0], [12.0, 12.0]]
	total_tour_length=10.700821482319181
	costObjectives=[10.700821482319181, 0.9747570090792947]
}

6:

Ant{
	tours=[[-1, 7, 8, 11, 13, 12, 51, 48, 10, 14, 40, -1], [-1, 39, 38, 29, 30, 31, 36, 44, 41, 43, 46, 27, -1], [-1, 21, 20, 19, 28, 23, 45, 15, 18, 17, 37, 16, -1], [-1, 26, 0, 35, 34, 53, 33, 3, 56, 55, 1, -1], [-1, 9, 47, 42, 6, 5, 4, 50, 2, 32, 52, -1], [-1, 58, 54, 49, 22, 25, 57, 24, -1]]
	tour_lengths=[1.7161222246630623, 2.30363564258852, 1.8953885586198949, 1.4423339205583379, 2.0144625023801397, 1.3288786335092253]
	beginService=[0.0, 1.0946026152894708, 51.54494538857638, 60.2035152439415, 43.20833333333333, 46.33333333333333, 45.875, 39.64163943093313, 0.1416394309331329, 5.25, 0.21960261528947078, 36.31944444444444, 5.917052171907222, 8.168039224849798, 7.236496616351666, 45.875, 16.159880198899664, 29.041666666666664, 17.219203232285164, 16.721551122634533, 7.680555555555555, 2.833333333333333, 0.4869041150821696, 42.95833333333333, 13.833333333333332, 59.388888888888886, 43.41666666666666, 0.21960261528947078, 54.041666666666664, 8.470934001307603, 6.939264637658177, 7.425375748769288, 8.773585023934086, 61.32685709141124, 38.43055555555555, 2.638601883312613, 1.7163362689038237, 9.676362801711864, 17.66364767672961, 6.152777777777778, 0.268238998830944, 65.69444444444444, 12.183239156822475, 38.666666666666664, 12.69811509865394, 11.280461379044697, 15.598209275164796, 38.666666666666664, 0.9468342788311082, 21.11111111111111, 37.864566798566855, 59.388888888888886, 9.229167273000586, 61.793600859126016, 3.9633958389672586, 36.25, 51.10050094413194, 50.23611111111111, 43.902777777777764, 0.26679684322636865, 0.0, 0.0, 0.0, 0.0, 0.0]
	usedVehicles=6
	currentTime=[65.69444444444444, 54.041666666666664, 0.0, 51.54494538857638, 61.793600859126016, 59.388888888888886]
	currentQuantity=[[18.0, 18.0], [20.0, 20.0], [19.0, 19.0], [20.0, 20.0], [17.0, 17.0], [12.0, 12.0]]
	total_tour_length=10.700821482319181
	costObjectives=[10.700821482319181, 0.9747570090792947]
}

7:

Ant{
	tours=[[-1, 7, 8, 11, 13, 12, 51, 48, 10, 14, 40, -1], [-1, 39, 38, 29, 30, 31, 36, 44, 41, 43, 46, 27, -1], [-1, 21, 20, 19, 28, 23, 45, 15, 18, 17, 37, 16, -1], [-1, 26, 0, 35, 34, 53, 33, 3, 56, 55, 1, -1], [-1, 9, 47, 42, 6, 5, 4, 50, 2, 32, 52, -1], [-1, 58, 54, 49, 22, 25, 57, 24, -1]]
	tour_lengths=[1.7161222246630623, 2.30363564258852, 1.8953885586198949, 1.4423339205583379, 2.0144625023801397, 1.3288786335092253]
	beginService=[0.0, 1.0946026152894708, 51.54494538857638, 60.2035152439415, 43.20833333333333, 46.33333333333333, 45.875, 39.64163943093313, 0.1416394309331329, 5.25, 0.21960261528947078, 36.31944444444444, 5.917052171907222, 8.168039224849798, 7.236496616351666, 45.875, 16.159880198899664, 29.041666666666664, 17.219203232285164, 16.721551122634533, 7.680555555555555, 2.833333333333333, 0.4869041150821696, 42.95833333333333, 13.833333333333332, 59.388888888888886, 43.41666666666666, 0.21960261528947078, 54.041666666666664, 8.470934001307603, 6.939264637658177, 7.425375748769288, 8.773585023934086, 61.32685709141124, 38.43055555555555, 2.638601883312613, 1.7163362689038237, 9.676362801711864, 17.66364767672961, 6.152777777777778, 0.268238998830944, 65.69444444444444, 12.183239156822475, 38.666666666666664, 12.69811509865394, 11.280461379044697, 15.598209275164796, 38.666666666666664, 0.9468342788311082, 21.11111111111111, 37.864566798566855, 59.388888888888886, 9.229167273000586, 61.793600859126016, 3.9633958389672586, 36.25, 51.10050094413194, 50.23611111111111, 43.902777777777764, 0.26679684322636865, 0.0, 0.0, 0.0, 0.0, 0.0]
	usedVehicles=6
	currentTime=[65.69444444444444, 54.041666666666664, 0.0, 51.54494538857638, 61.793600859126016, 59.388888888888886]
	currentQuantity=[[18.0, 18.0], [20.0, 20.0], [19.0, 19.0], [20.0, 20.0], [17.0, 17.0], [12.0, 12.0]]
	total_tour_length=10.700821482319181
	costObjectives=[10.700821482319181, 0.9747570090792947]
}

8:

Ant{
	tours=[[-1, 7, 8, 11, 13, 12, 51, 48, 10, 14, 40, -1], [-1, 39, 38, 29, 30, 31, 36, 44, 41, 43, 46, 27, -1], [-1, 21, 20, 19, 28, 23, 45, 15, 18, 17, 37, 16, -1], [-1, 26, 0, 35, 34, 53, 33, 3, 56, 55, 1, -1], [-1, 9, 47, 42, 6, 5, 4, 50, 2, 32, 52, -1], [-1, 58, 54, 49, 22, 25, 57, 24, -1]]
	tour_lengths=[1.7161222246630623, 2.30363564258852, 1.8953885586198949, 1.4423339205583379, 2.0144625023801397, 1.3288786335092253]
	beginService=[0.0, 1.0946026152894708, 51.54494538857638, 60.2035152439415, 43.20833333333333, 46.33333333333333, 45.875, 39.64163943093313, 0.1416394309331329, 5.25, 0.21960261528947078, 36.31944444444444, 5.917052171907222, 8.168039224849798, 7.236496616351666, 45.875, 16.159880198899664, 29.041666666666664, 17.219203232285164, 16.721551122634533, 7.680555555555555, 2.833333333333333, 0.4869041150821696, 42.95833333333333, 13.833333333333332, 59.388888888888886, 43.41666666666666, 0.21960261528947078, 54.041666666666664, 8.470934001307603, 6.939264637658177, 7.425375748769288, 8.773585023934086, 61.32685709141124, 38.43055555555555, 2.638601883312613, 1.7163362689038237, 9.676362801711864, 17.66364767672961, 6.152777777777778, 0.268238998830944, 65.69444444444444, 12.183239156822475, 38.666666666666664, 12.69811509865394, 11.280461379044697, 15.598209275164796, 38.666666666666664, 0.9468342788311082, 21.11111111111111, 37.864566798566855, 59.388888888888886, 9.229167273000586, 61.793600859126016, 3.9633958389672586, 36.25, 51.10050094413194, 50.23611111111111, 43.902777777777764, 0.26679684322636865, 0.0, 0.0, 0.0, 0.0, 0.0]
	usedVehicles=6
	currentTime=[65.69444444444444, 54.041666666666664, 0.0, 51.54494538857638, 61.793600859126016, 59.388888888888886]
	currentQuantity=[[18.0, 18.0], [20.0, 20.0], [19.0, 19.0], [20.0, 20.0], [17.0, 17.0], [12.0, 12.0]]
	total_tour_length=10.700821482319181
	costObjectives=[10.700821482319181, 0.9747570090792947]
}

9:

Ant{
	tours=[[-1, 7, 8, 11, 13, 12, 51, 48, 10, 14, 40, -1], [-1, 39, 38, 29, 30, 31, 36, 44, 41, 43, 46, 27, -1], [-1, 21, 20, 19, 28, 23, 45, 15, 18, 17, 37, 16, -1], [-1, 26, 0, 35, 34, 53, 33, 3, 56, 55, 1, -1], [-1, 9, 47, 42, 6, 5, 4, 50, 2, 32, 52, -1], [-1, 58, 54, 49, 22, 25, 57, 24, -1]]
	tour_lengths=[1.7161222246630623, 2.30363564258852, 1.8953885586198949, 1.4423339205583379, 2.0144625023801397, 1.3288786335092253]
	beginService=[0.0, 1.0946026152894708, 51.54494538857638, 60.2035152439415, 43.20833333333333, 46.33333333333333, 45.875, 39.64163943093313, 0.1416394309331329, 5.25, 0.21960261528947078, 36.31944444444444, 5.917052171907222, 8.168039224849798, 7.236496616351666, 45.875, 16.159880198899664, 29.041666666666664, 17.219203232285164, 16.721551122634533, 7.680555555555555, 2.833333333333333, 0.4869041150821696, 42.95833333333333, 13.833333333333332, 59.388888888888886, 43.41666666666666, 0.21960261528947078, 54.041666666666664, 8.470934001307603, 6.939264637658177, 7.425375748769288, 8.773585023934086, 61.32685709141124, 38.43055555555555, 2.638601883312613, 1.7163362689038237, 9.676362801711864, 17.66364767672961, 6.152777777777778, 0.268238998830944, 65.69444444444444, 12.183239156822475, 38.666666666666664, 12.69811509865394, 11.280461379044697, 15.598209275164796, 38.666666666666664, 0.9468342788311082, 21.11111111111111, 37.864566798566855, 59.388888888888886, 9.229167273000586, 61.793600859126016, 3.9633958389672586, 36.25, 51.10050094413194, 50.23611111111111, 43.902777777777764, 0.26679684322636865, 0.0, 0.0, 0.0, 0.0, 0.0]
	usedVehicles=6
	currentTime=[65.69444444444444, 54.041666666666664, 0.0, 51.54494538857638, 61.793600859126016, 59.388888888888886]
	currentQuantity=[[18.0, 18.0], [20.0, 20.0], [19.0, 19.0], [20.0, 20.0], [17.0, 17.0], [12.0, 12.0]]
	total_tour_length=10.700821482319181
	costObjectives=[10.700821482319181, 0.9747570090792947]
}

10:

Ant{
	tours=[[-1, 7, 8, 11, 13, 12, 51, 48, 10, 14, 40, -1], [-1, 39, 38, 29, 30, 31, 36, 44, 41, 43, 46, 27, -1], [-1, 21, 20, 19, 28, 23, 45, 15, 18, 17, 37, 16, -1], [-1, 26, 0, 35, 34, 53, 33, 3, 56, 55, 1, -1], [-1, 9, 47, 42, 6, 5, 4, 50, 2, 32, 52, -1], [-1, 58, 54, 49, 22, 25, 57, 24, -1]]
	tour_lengths=[1.7161222246630623, 2.30363564258852, 1.8953885586198949, 1.4423339205583379, 2.0144625023801397, 1.3288786335092253]
	beginService=[0.0, 1.0946026152894708, 51.54494538857638, 60.2035152439415, 43.20833333333333, 46.33333333333333, 45.875, 39.64163943093313, 0.1416394309331329, 5.25, 0.21960261528947078, 36.31944444444444, 5.917052171907222, 8.168039224849798, 7.236496616351666, 45.875, 16.159880198899664, 29.041666666666664, 17.219203232285164, 16.721551122634533, 7.680555555555555, 2.833333333333333, 0.4869041150821696, 42.95833333333333, 13.833333333333332, 59.388888888888886, 43.41666666666666, 0.21960261528947078, 54.041666666666664, 8.470934001307603, 6.939264637658177, 7.425375748769288, 8.773585023934086, 61.32685709141124, 38.43055555555555, 2.638601883312613, 1.7163362689038237, 9.676362801711864, 17.66364767672961, 6.152777777777778, 0.268238998830944, 65.69444444444444, 12.183239156822475, 38.666666666666664, 12.69811509865394, 11.280461379044697, 15.598209275164796, 38.666666666666664, 0.9468342788311082, 21.11111111111111, 37.864566798566855, 59.388888888888886, 9.229167273000586, 61.793600859126016, 3.9633958389672586, 36.25, 51.10050094413194, 50.23611111111111, 43.902777777777764, 0.26679684322636865, 0.0, 0.0, 0.0, 0.0, 0.0]
	usedVehicles=6
	currentTime=[65.69444444444444, 54.041666666666664, 0.0, 51.54494538857638, 61.793600859126016, 59.388888888888886]
	currentQuantity=[[18.0, 18.0], [20.0, 20.0], [19.0, 19.0], [20.0, 20.0], [17.0, 17.0], [12.0, 12.0]]
	total_tour_length=10.700821482319181
	costObjectives=[10.700821482319181, 0.9747570090792947]
}

11:

Ant{
	tours=[[-1, 7, 8, 11, 13, 12, 51, 48, 10, 14, 40, -1], [-1, 39, 38, 29, 30, 31, 36, 44, 41, 43, 46, 27, -1], [-1, 21, 20, 19, 28, 23, 45, 15, 18, 17, 37, 16, -1], [-1, 26, 0, 35, 34, 53, 33, 3, 56, 55, 1, -1], [-1, 9, 47, 42, 6, 5, 4, 50, 2, 32, 52, -1], [-1, 58, 54, 49, 22, 25, 57, 24, -1]]
	tour_lengths=[1.7161222246630623, 2.30363564258852, 1.8953885586198949, 1.4423339205583379, 2.0144625023801397, 1.3288786335092253]
	beginService=[0.0, 1.0946026152894708, 51.54494538857638, 60.2035152439415, 43.20833333333333, 46.33333333333333, 45.875, 39.64163943093313, 0.1416394309331329, 5.25, 0.21960261528947078, 36.31944444444444, 5.917052171907222, 8.168039224849798, 7.236496616351666, 45.875, 16.159880198899664, 29.041666666666664, 17.219203232285164, 16.721551122634533, 7.680555555555555, 2.833333333333333, 0.4869041150821696, 42.95833333333333, 13.833333333333332, 59.388888888888886, 43.41666666666666, 0.21960261528947078, 54.041666666666664, 8.470934001307603, 6.939264637658177, 7.425375748769288, 8.773585023934086, 61.32685709141124, 38.43055555555555, 2.638601883312613, 1.7163362689038237, 9.676362801711864, 17.66364767672961, 6.152777777777778, 0.268238998830944, 65.69444444444444, 12.183239156822475, 38.666666666666664, 12.69811509865394, 11.280461379044697, 15.598209275164796, 38.666666666666664, 0.9468342788311082, 21.11111111111111, 37.864566798566855, 59.388888888888886, 9.229167273000586, 61.793600859126016, 3.9633958389672586, 36.25, 51.10050094413194, 50.23611111111111, 43.902777777777764, 0.26679684322636865, 0.0, 0.0, 0.0, 0.0, 0.0]
	usedVehicles=6
	currentTime=[65.69444444444444, 54.041666666666664, 0.0, 51.54494538857638, 61.793600859126016, 59.388888888888886]
	currentQuantity=[[18.0, 18.0], [20.0, 20.0], [19.0, 19.0], [20.0, 20.0], [17.0, 17.0], [12.0, 12.0]]
	total_tour_length=10.700821482319181
	costObjectives=[10.700821482319181, 0.9747570090792947]
}

12:

Ant{
	tours=[[-1, 7, 8, 11, 13, 12, 51, 48, 10, 14, 40, -1], [-1, 39, 38, 29, 30, 31, 36, 44, 41, 43, 46, 27, -1], [-1, 21, 20, 19, 28, 23, 45, 15, 18, 17, 37, 16, -1], [-1, 26, 0, 35, 34, 53, 33, 3, 56, 55, 1, -1], [-1, 9, 47, 42, 6, 5, 4, 50, 2, 32, 52, -1], [-1, 58, 54, 49, 22, 25, 57, 24, -1]]
	tour_lengths=[1.7161222246630623, 2.30363564258852, 1.8953885586198949, 1.4423339205583379, 2.0144625023801397, 1.3288786335092253]
	beginService=[0.0, 1.0946026152894708, 51.54494538857638, 60.2035152439415, 43.20833333333333, 46.33333333333333, 45.875, 39.64163943093313, 0.1416394309331329, 5.25, 0.21960261528947078, 36.31944444444444, 5.917052171907222, 8.168039224849798, 7.236496616351666, 45.875, 16.159880198899664, 29.041666666666664, 17.219203232285164, 16.721551122634533, 7.680555555555555, 2.833333333333333, 0.4869041150821696, 42.95833333333333, 13.833333333333332, 59.388888888888886, 43.41666666666666, 0.21960261528947078, 54.041666666666664, 8.470934001307603, 6.939264637658177, 7.425375748769288, 8.773585023934086, 61.32685709141124, 38.43055555555555, 2.638601883312613, 1.7163362689038237, 9.676362801711864, 17.66364767672961, 6.152777777777778, 0.268238998830944, 65.69444444444444, 12.183239156822475, 38.666666666666664, 12.69811509865394, 11.280461379044697, 15.598209275164796, 38.666666666666664, 0.9468342788311082, 21.11111111111111, 37.864566798566855, 59.388888888888886, 9.229167273000586, 61.793600859126016, 3.9633958389672586, 36.25, 51.10050094413194, 50.23611111111111, 43.902777777777764, 0.26679684322636865, 0.0, 0.0, 0.0, 0.0, 0.0]
	usedVehicles=6
	currentTime=[65.69444444444444, 54.041666666666664, 0.0, 51.54494538857638, 61.793600859126016, 59.388888888888886]
	currentQuantity=[[18.0, 18.0], [20.0, 20.0], [19.0, 19.0], [20.0, 20.0], [17.0, 17.0], [12.0, 12.0]]
	total_tour_length=10.700821482319181
	costObjectives=[10.700821482319181, 0.9747570090792947]
}

13:

Ant{
	tours=[[-1, 7, 8, 11, 13, 12, 51, 48, 10, 14, 40, -1], [-1, 39, 38, 29, 30, 31, 36, 44, 41, 43, 46, 27, -1], [-1, 21, 20, 19, 28, 23, 45, 15, 18, 17, 37, 16, -1], [-1, 26, 0, 35, 34, 53, 33, 3, 56, 55, 1, -1], [-1, 9, 47, 42, 6, 5, 4, 50, 2, 32, 52, -1], [-1, 58, 54, 49, 22, 25, 57, 24, -1]]
	tour_lengths=[1.7161222246630623, 2.30363564258852, 1.8953885586198949, 1.4423339205583379, 2.0144625023801397, 1.3288786335092253]
	beginService=[0.0, 1.0946026152894708, 51.54494538857638, 60.2035152439415, 43.20833333333333, 46.33333333333333, 45.875, 39.64163943093313, 0.1416394309331329, 5.25, 0.21960261528947078, 36.31944444444444, 5.917052171907222, 8.168039224849798, 7.236496616351666, 45.875, 16.159880198899664, 29.041666666666664, 17.219203232285164, 16.721551122634533, 7.680555555555555, 2.833333333333333, 0.4869041150821696, 42.95833333333333, 13.833333333333332, 59.388888888888886, 43.41666666666666, 0.21960261528947078, 54.041666666666664, 8.470934001307603, 6.939264637658177, 7.425375748769288, 8.773585023934086, 61.32685709141124, 38.43055555555555, 2.638601883312613, 1.7163362689038237, 9.676362801711864, 17.66364767672961, 6.152777777777778, 0.268238998830944, 65.69444444444444, 12.183239156822475, 38.666666666666664, 12.69811509865394, 11.280461379044697, 15.598209275164796, 38.666666666666664, 0.9468342788311082, 21.11111111111111, 37.864566798566855, 59.388888888888886, 9.229167273000586, 61.793600859126016, 3.9633958389672586, 36.25, 51.10050094413194, 50.23611111111111, 43.902777777777764, 0.26679684322636865, 0.0, 0.0, 0.0, 0.0, 0.0]
	usedVehicles=6
	currentTime=[65.69444444444444, 54.041666666666664, 0.0, 51.54494538857638, 61.793600859126016, 59.388888888888886]
	currentQuantity=[[18.0, 18.0], [20.0, 20.0], [19.0, 19.0], [20.0, 20.0], [17.0, 17.0], [12.0, 12.0]]
	total_tour_length=10.700821482319181
	costObjectives=[10.700821482319181, 0.9747570090792947]
}

14:

Ant{
	tours=[[-1, 7, 8, 11, 13, 12, 51, 48, 10, 14, 40, -1], [-1, 39, 38, 29, 30, 31, 36, 44, 41, 43, 46, 27, -1], [-1, 21, 20, 19, 28, 23, 45, 15, 18, 17, 37, 16, -1], [-1, 26, 0, 35, 34, 53, 33, 3, 56, 55, 1, -1], [-1, 9, 47, 42, 6, 5, 4, 50, 2, 32, 52, -1], [-1, 58, 54, 49, 22, 25, 57, 24, -1]]
	tour_lengths=[1.7161222246630623, 2.30363564258852, 1.8953885586198949, 1.4423339205583379, 2.0144625023801397, 1.3288786335092253]
	beginService=[0.0, 1.0946026152894708, 51.54494538857638, 60.2035152439415, 43.20833333333333, 46.33333333333333, 45.875, 39.64163943093313, 0.1416394309331329, 5.25, 0.21960261528947078, 36.31944444444444, 5.917052171907222, 8.168039224849798, 7.236496616351666, 45.875, 16.159880198899664, 29.041666666666664, 17.219203232285164, 16.721551122634533, 7.680555555555555, 2.833333333333333, 0.4869041150821696, 42.95833333333333, 13.833333333333332, 59.388888888888886, 43.41666666666666, 0.21960261528947078, 54.041666666666664, 8.470934001307603, 6.939264637658177, 7.425375748769288, 8.773585023934086, 61.32685709141124, 38.43055555555555, 2.638601883312613, 1.7163362689038237, 9.676362801711864, 17.66364767672961, 6.152777777777778, 0.268238998830944, 65.69444444444444, 12.183239156822475, 38.666666666666664, 12.69811509865394, 11.280461379044697, 15.598209275164796, 38.666666666666664, 0.9468342788311082, 21.11111111111111, 37.864566798566855, 59.388888888888886, 9.229167273000586, 61.793600859126016, 3.9633958389672586, 36.25, 51.10050094413194, 50.23611111111111, 43.902777777777764, 0.26679684322636865, 0.0, 0.0, 0.0, 0.0, 0.0]
	usedVehicles=6
	currentTime=[65.69444444444444, 54.041666666666664, 0.0, 51.54494538857638, 61.793600859126016, 59.388888888888886]
	currentQuantity=[[18.0, 18.0], [20.0, 20.0], [19.0, 19.0], [20.0, 20.0], [17.0, 17.0], [12.0, 12.0]]
	total_tour_length=10.700821482319181
	costObjectives=[10.700821482319181, 0.9747570090792947]
}

15:

Ant{
	tours=[[-1, 7, 8, 11, 13, 12, 51, 48, 10, 14, 40, -1], [-1, 39, 38, 29, 30, 31, 36, 44, 41, 43, 46, 27, -1], [-1, 21, 20, 19, 28, 23, 45, 15, 18, 17, 37, 16, -1], [-1, 26, 0, 35, 34, 53, 33, 3, 56, 55, 1, -1], [-1, 9, 47, 42, 6, 5, 4, 50, 2, 32, 52, -1], [-1, 58, 54, 49, 22, 25, 57, 24, -1]]
	tour_lengths=[1.7161222246630623, 2.30363564258852, 1.8953885586198949, 1.4423339205583379, 2.0144625023801397, 1.3288786335092253]
	beginService=[0.0, 1.0946026152894708, 51.54494538857638, 60.2035152439415, 43.20833333333333, 46.33333333333333, 45.875, 39.64163943093313, 0.1416394309331329, 5.25, 0.21960261528947078, 36.31944444444444, 5.917052171907222, 8.168039224849798, 7.236496616351666, 45.875, 16.159880198899664, 29.041666666666664, 17.219203232285164, 16.721551122634533, 7.680555555555555, 2.833333333333333, 0.4869041150821696, 42.95833333333333, 13.833333333333332, 59.388888888888886, 43.41666666666666, 0.21960261528947078, 54.041666666666664, 8.470934001307603, 6.939264637658177, 7.425375748769288, 8.773585023934086, 61.32685709141124, 38.43055555555555, 2.638601883312613, 1.7163362689038237, 9.676362801711864, 17.66364767672961, 6.152777777777778, 0.268238998830944, 65.69444444444444, 12.183239156822475, 38.666666666666664, 12.69811509865394, 11.280461379044697, 15.598209275164796, 38.666666666666664, 0.9468342788311082, 21.11111111111111, 37.864566798566855, 59.388888888888886, 9.229167273000586, 61.793600859126016, 3.9633958389672586, 36.25, 51.10050094413194, 50.23611111111111, 43.902777777777764, 0.26679684322636865, 0.0, 0.0, 0.0, 0.0, 0.0]
	usedVehicles=6
	currentTime=[65.69444444444444, 54.041666666666664, 0.0, 51.54494538857638, 61.793600859126016, 59.388888888888886]
	currentQuantity=[[18.0, 18.0], [20.0, 20.0], [19.0, 19.0], [20.0, 20.0], [17.0, 17.0], [12.0, 12.0]]
	total_tour_length=10.700821482319181
	costObjectives=[10.700821482319181, 0.9747570090792947]
}

16:

Ant{
	tours=[[-1, 7, 8, 11, 13, 12, 51, 48, 10, 14, 40, -1], [-1, 39, 38, 29, 30, 31, 36, 44, 41, 43, 46, 27, -1], [-1, 21, 20, 19, 28, 23, 45, 15, 18, 17, 37, 16, -1], [-1, 26, 0, 35, 34, 53, 33, 3, 56, 55, 1, -1], [-1, 9, 47, 42, 6, 5, 4, 50, 2, 32, 52, -1], [-1, 58, 54, 49, 22, 25, 57, 24, -1]]
	tour_lengths=[1.7161222246630623, 2.30363564258852, 1.8953885586198949, 1.4423339205583379, 2.0144625023801397, 1.3288786335092253]
	beginService=[0.0, 1.0946026152894708, 51.54494538857638, 60.2035152439415, 43.20833333333333, 46.33333333333333, 45.875, 39.64163943093313, 0.1416394309331329, 5.25, 0.21960261528947078, 36.31944444444444, 5.917052171907222, 8.168039224849798, 7.236496616351666, 45.875, 16.159880198899664, 29.041666666666664, 17.219203232285164, 16.721551122634533, 7.680555555555555, 2.833333333333333, 0.4869041150821696, 42.95833333333333, 13.833333333333332, 59.388888888888886, 43.41666666666666, 0.21960261528947078, 54.041666666666664, 8.470934001307603, 6.939264637658177, 7.425375748769288, 8.773585023934086, 61.32685709141124, 38.43055555555555, 2.638601883312613, 1.7163362689038237, 9.676362801711864, 17.66364767672961, 6.152777777777778, 0.268238998830944, 65.69444444444444, 12.183239156822475, 38.666666666666664, 12.69811509865394, 11.280461379044697, 15.598209275164796, 38.666666666666664, 0.9468342788311082, 21.11111111111111, 37.864566798566855, 59.388888888888886, 9.229167273000586, 61.793600859126016, 3.9633958389672586, 36.25, 51.10050094413194, 50.23611111111111, 43.902777777777764, 0.26679684322636865, 0.0, 0.0, 0.0, 0.0, 0.0]
	usedVehicles=6
	currentTime=[65.69444444444444, 54.041666666666664, 0.0, 51.54494538857638, 61.793600859126016, 59.388888888888886]
	currentQuantity=[[18.0, 18.0], [20.0, 20.0], [19.0, 19.0], [20.0, 20.0], [17.0, 17.0], [12.0, 12.0]]
	total_tour_length=10.700821482319181
	costObjectives=[10.700821482319181, 0.9747570090792947]
}

17:

Ant{
	tours=[[-1, 7, 8, 11, 13, 12, 51, 48, 10, 14, 40, -1], [-1, 39, 38, 29, 30, 31, 36, 44, 41, 43, 46, 27, -1], [-1, 21, 20, 19, 28, 23, 45, 15, 18, 17, 37, 16, -1], [-1, 26, 0, 35, 34, 53, 33, 3, 56, 55, 1, -1], [-1, 9, 47, 42, 6, 5, 4, 50, 2, 32, 52, -1], [-1, 58, 54, 49, 22, 25, 57, 24, -1]]
	tour_lengths=[1.7161222246630623, 2.30363564258852, 1.8953885586198949, 1.4423339205583379, 2.0144625023801397, 1.3288786335092253]
	beginService=[0.0, 1.0946026152894708, 51.54494538857638, 60.2035152439415, 43.20833333333333, 46.33333333333333, 45.875, 39.64163943093313, 0.1416394309331329, 5.25, 0.21960261528947078, 36.31944444444444, 5.917052171907222, 8.168039224849798, 7.236496616351666, 45.875, 16.159880198899664, 29.041666666666664, 17.219203232285164, 16.721551122634533, 7.680555555555555, 2.833333333333333, 0.4869041150821696, 42.95833333333333, 13.833333333333332, 59.388888888888886, 43.41666666666666, 0.21960261528947078, 54.041666666666664, 8.470934001307603, 6.939264637658177, 7.425375748769288, 8.773585023934086, 61.32685709141124, 38.43055555555555, 2.638601883312613, 1.7163362689038237, 9.676362801711864, 17.66364767672961, 6.152777777777778, 0.268238998830944, 65.69444444444444, 12.183239156822475, 38.666666666666664, 12.69811509865394, 11.280461379044697, 15.598209275164796, 38.666666666666664, 0.9468342788311082, 21.11111111111111, 37.864566798566855, 59.388888888888886, 9.229167273000586, 61.793600859126016, 3.9633958389672586, 36.25, 51.10050094413194, 50.23611111111111, 43.902777777777764, 0.26679684322636865, 0.0, 0.0, 0.0, 0.0, 0.0]
	usedVehicles=6
	currentTime=[65.69444444444444, 54.041666666666664, 0.0, 51.54494538857638, 61.793600859126016, 59.388888888888886]
	currentQuantity=[[18.0, 18.0], [20.0, 20.0], [19.0, 19.0], [20.0, 20.0], [17.0, 17.0], [12.0, 12.0]]
	total_tour_length=10.700821482319181
	costObjectives=[10.700821482319181, 0.9747570090792947]
}

18:

Ant{
	tours=[[-1, 7, 8, 11, 13, 12, 51, 48, 10, 14, 40, -1], [-1, 39, 38, 29, 30, 31, 36, 44, 41, 43, 46, 27, -1], [-1, 21, 20, 19, 28, 23, 45, 15, 18, 17, 37, 16, -1], [-1, 26, 0, 35, 34, 53, 33, 3, 56, 55, 1, -1], [-1, 9, 47, 42, 6, 5, 4, 50, 2, 32, 52, -1], [-1, 58, 54, 49, 22, 25, 57, 24, -1]]
	tour_lengths=[1.7161222246630623, 2.30363564258852, 1.8953885586198949, 1.4423339205583379, 2.0144625023801397, 1.3288786335092253]
	beginService=[0.0, 1.0946026152894708, 51.54494538857638, 60.2035152439415, 43.20833333333333, 46.33333333333333, 45.875, 39.64163943093313, 0.1416394309331329, 5.25, 0.21960261528947078, 36.31944444444444, 5.917052171907222, 8.168039224849798, 7.236496616351666, 45.875, 16.159880198899664, 29.041666666666664, 17.219203232285164, 16.721551122634533, 7.680555555555555, 2.833333333333333, 0.4869041150821696, 42.95833333333333, 13.833333333333332, 59.388888888888886, 43.41666666666666, 0.21960261528947078, 54.041666666666664, 8.470934001307603, 6.939264637658177, 7.425375748769288, 8.773585023934086, 61.32685709141124, 38.43055555555555, 2.638601883312613, 1.7163362689038237, 9.676362801711864, 17.66364767672961, 6.152777777777778, 0.268238998830944, 65.69444444444444, 12.183239156822475, 38.666666666666664, 12.69811509865394, 11.280461379044697, 15.598209275164796, 38.666666666666664, 0.9468342788311082, 21.11111111111111, 37.864566798566855, 59.388888888888886, 9.229167273000586, 61.793600859126016, 3.9633958389672586, 36.25, 51.10050094413194, 50.23611111111111, 43.902777777777764, 0.26679684322636865, 0.0, 0.0, 0.0, 0.0, 0.0]
	usedVehicles=6
	currentTime=[65.69444444444444, 54.041666666666664, 0.0, 51.54494538857638, 61.793600859126016, 59.388888888888886]
	currentQuantity=[[18.0, 18.0], [20.0, 20.0], [19.0, 19.0], [20.0, 20.0], [17.0, 17.0], [12.0, 12.0]]
	total_tour_length=10.700821482319181
	costObjectives=[10.700821482319181, 0.9747570090792947]
}

19:

Ant{
	tours=[[-1, 7, 8, 11, 13, 12, 51, 48, 10, 14, 40, -1], [-1, 39, 38, 29, 30, 31, 36, 44, 41, 43, 46, 27, -1], [-1, 21, 20, 19, 28, 23, 45, 15, 18, 17, 37, 16, -1], [-1, 26, 0, 35, 34, 53, 33, 3, 56, 55, 1, -1], [-1, 9, 47, 42, 6, 5, 4, 50, 2, 32, 52, -1], [-1, 58, 54, 49, 22, 25, 57, 24, -1]]
	tour_lengths=[1.7161222246630623, 2.30363564258852, 1.8953885586198949, 1.4423339205583379, 2.0144625023801397, 1.3288786335092253]
	beginService=[0.0, 1.0946026152894708, 51.54494538857638, 60.2035152439415, 43.20833333333333, 46.33333333333333, 45.875, 39.64163943093313, 0.1416394309331329, 5.25, 0.21960261528947078, 36.31944444444444, 5.917052171907222, 8.168039224849798, 7.236496616351666, 45.875, 16.159880198899664, 29.041666666666664, 17.219203232285164, 16.721551122634533, 7.680555555555555, 2.833333333333333, 0.4869041150821696, 42.95833333333333, 13.833333333333332, 59.388888888888886, 43.41666666666666, 0.21960261528947078, 54.041666666666664, 8.470934001307603, 6.939264637658177, 7.425375748769288, 8.773585023934086, 61.32685709141124, 38.43055555555555, 2.638601883312613, 1.7163362689038237, 9.676362801711864, 17.66364767672961, 6.152777777777778, 0.268238998830944, 65.69444444444444, 12.183239156822475, 38.666666666666664, 12.69811509865394, 11.280461379044697, 15.598209275164796, 38.666666666666664, 0.9468342788311082, 21.11111111111111, 37.864566798566855, 59.388888888888886, 9.229167273000586, 61.793600859126016, 3.9633958389672586, 36.25, 51.10050094413194, 50.23611111111111, 43.902777777777764, 0.26679684322636865, 0.0, 0.0, 0.0, 0.0, 0.0]
	usedVehicles=6
	currentTime=[65.69444444444444, 54.041666666666664, 0.0, 51.54494538857638, 61.793600859126016, 59.388888888888886]
	currentQuantity=[[18.0, 18.0], [20.0, 20.0], [19.0, 19.0], [20.0, 20.0], [17.0, 17.0], [12.0, 12.0]]
	total_tour_length=10.700821482319181
	costObjectives=[10.700821482319181, 0.9747570090792947]
}

20:

Ant{
	tours=[[-1, 7, 8, 11, 13, 12, 51, 48, 10, 14, 40, -1], [-1, 39, 38, 29, 30, 31, 36, 44, 41, 43, 46, 27, -1], [-1, 21, 20, 19, 28, 23, 45, 15, 18, 17, 37, 16, -1], [-1, 26, 0, 35, 34, 53, 33, 3, 56, 55, 1, -1], [-1, 9, 47, 42, 6, 5, 4, 50, 2, 32, 52, -1], [-1, 58, 54, 49, 22, 25, 57, 24, -1]]
	tour_lengths=[1.7161222246630623, 2.30363564258852, 1.8953885586198949, 1.4423339205583379, 2.0144625023801397, 1.3288786335092253]
	beginService=[0.0, 1.0946026152894708, 51.54494538857638, 60.2035152439415, 43.20833333333333, 46.33333333333333, 45.875, 39.64163943093313, 0.1416394309331329, 5.25, 0.21960261528947078, 36.31944444444444, 5.917052171907222, 8.168039224849798, 7.236496616351666, 45.875, 16.159880198899664, 29.041666666666664, 17.219203232285164, 16.721551122634533, 7.680555555555555, 2.833333333333333, 0.4869041150821696, 42.95833333333333, 13.833333333333332, 59.388888888888886, 43.41666666666666, 0.21960261528947078, 54.041666666666664, 8.470934001307603, 6.939264637658177, 7.425375748769288, 8.773585023934086, 61.32685709141124, 38.43055555555555, 2.638601883312613, 1.7163362689038237, 9.676362801711864, 17.66364767672961, 6.152777777777778, 0.268238998830944, 65.69444444444444, 12.183239156822475, 38.666666666666664, 12.69811509865394, 11.280461379044697, 15.598209275164796, 38.666666666666664, 0.9468342788311082, 21.11111111111111, 37.864566798566855, 59.388888888888886, 9.229167273000586, 61.793600859126016, 3.9633958389672586, 36.25, 51.10050094413194, 50.23611111111111, 43.902777777777764, 0.26679684322636865, 0.0, 0.0, 0.0, 0.0, 0.0]
	usedVehicles=6
	currentTime=[65.69444444444444, 54.041666666666664, 0.0, 51.54494538857638, 61.793600859126016, 59.388888888888886]
	currentQuantity=[[18.0, 18.0], [20.0, 20.0], [19.0, 19.0], [20.0, 20.0], [17.0, 17.0], [12.0, 12.0]]
	total_tour_length=10.700821482319181
	costObjectives=[10.700821482319181, 0.9747570090792947]
}

21:

Ant{
	tours=[[-1, 7, 8, 11, 13, 12, 51, 48, 10, 14, 40, -1], [-1, 39, 38, 29, 30, 31, 36, 44, 41, 43, 46, 27, -1], [-1, 21, 20, 19, 28, 23, 45, 15, 18, 17, 37, 16, -1], [-1, 26, 0, 35, 34, 53, 33, 3, 56, 55, 1, -1], [-1, 9, 47, 42, 6, 5, 4, 50, 2, 32, 52, -1], [-1, 58, 54, 49, 22, 25, 57, 24, -1]]
	tour_lengths=[1.7161222246630623, 2.30363564258852, 1.8953885586198949, 1.4423339205583379, 2.0144625023801397, 1.3288786335092253]
	beginService=[0.0, 1.0946026152894708, 51.54494538857638, 60.2035152439415, 43.20833333333333, 46.33333333333333, 45.875, 39.64163943093313, 0.1416394309331329, 5.25, 0.21960261528947078, 36.31944444444444, 5.917052171907222, 8.168039224849798, 7.236496616351666, 45.875, 16.159880198899664, 29.041666666666664, 17.219203232285164, 16.721551122634533, 7.680555555555555, 2.833333333333333, 0.4869041150821696, 42.95833333333333, 13.833333333333332, 59.388888888888886, 43.41666666666666, 0.21960261528947078, 54.041666666666664, 8.470934001307603, 6.939264637658177, 7.425375748769288, 8.773585023934086, 61.32685709141124, 38.43055555555555, 2.638601883312613, 1.7163362689038237, 9.676362801711864, 17.66364767672961, 6.152777777777778, 0.268238998830944, 65.69444444444444, 12.183239156822475, 38.666666666666664, 12.69811509865394, 11.280461379044697, 15.598209275164796, 38.666666666666664, 0.9468342788311082, 21.11111111111111, 37.864566798566855, 59.388888888888886, 9.229167273000586, 61.793600859126016, 3.9633958389672586, 36.25, 51.10050094413194, 50.23611111111111, 43.902777777777764, 0.26679684322636865, 0.0, 0.0, 0.0, 0.0, 0.0]
	usedVehicles=6
	currentTime=[65.69444444444444, 54.041666666666664, 0.0, 51.54494538857638, 61.793600859126016, 59.388888888888886]
	currentQuantity=[[18.0, 18.0], [20.0, 20.0], [19.0, 19.0], [20.0, 20.0], [17.0, 17.0], [12.0, 12.0]]
	total_tour_length=10.700821482319181
	costObjectives=[10.700821482319181, 0.9747570090792947]
}

22:

Ant{
	tours=[[-1, 7, 8, 11, 13, 12, 51, 48, 10, 14, 40, -1], [-1, 39, 38, 29, 30, 31, 36, 44, 41, 43, 46, 27, -1], [-1, 21, 20, 19, 28, 23, 45, 15, 18, 17, 37, 16, -1], [-1, 26, 0, 35, 34, 53, 33, 3, 56, 55, 1, -1], [-1, 9, 47, 42, 6, 5, 4, 50, 2, 32, 52, -1], [-1, 58, 54, 49, 22, 25, 57, 24, -1]]
	tour_lengths=[1.7161222246630623, 2.30363564258852, 1.8953885586198949, 1.4423339205583379, 2.0144625023801397, 1.3288786335092253]
	beginService=[0.0, 1.0946026152894708, 51.54494538857638, 60.2035152439415, 43.20833333333333, 46.33333333333333, 45.875, 39.64163943093313, 0.1416394309331329, 5.25, 0.21960261528947078, 36.31944444444444, 5.917052171907222, 8.168039224849798, 7.236496616351666, 45.875, 16.159880198899664, 29.041666666666664, 17.219203232285164, 16.721551122634533, 7.680555555555555, 2.833333333333333, 0.4869041150821696, 42.95833333333333, 13.833333333333332, 59.388888888888886, 43.41666666666666, 0.21960261528947078, 54.041666666666664, 8.470934001307603, 6.939264637658177, 7.425375748769288, 8.773585023934086, 61.32685709141124, 38.43055555555555, 2.638601883312613, 1.7163362689038237, 9.676362801711864, 17.66364767672961, 6.152777777777778, 0.268238998830944, 65.69444444444444, 12.183239156822475, 38.666666666666664, 12.69811509865394, 11.280461379044697, 15.598209275164796, 38.666666666666664, 0.9468342788311082, 21.11111111111111, 37.864566798566855, 59.388888888888886, 9.229167273000586, 61.793600859126016, 3.9633958389672586, 36.25, 51.10050094413194, 50.23611111111111, 43.902777777777764, 0.26679684322636865, 0.0, 0.0, 0.0, 0.0, 0.0]
	usedVehicles=6
	currentTime=[65.69444444444444, 54.041666666666664, 0.0, 51.54494538857638, 61.793600859126016, 59.388888888888886]
	currentQuantity=[[18.0, 18.0], [20.0, 20.0], [19.0, 19.0], [20.0, 20.0], [17.0, 17.0], [12.0, 12.0]]
	total_tour_length=10.700821482319181
	costObjectives=[10.700821482319181, 0.9747570090792947]
}

23:

Ant{
	tours=[[-1, 7, 8, 11, 13, 12, 51, 48, 10, 14, 40, -1], [-1, 39, 38, 29, 30, 31, 36, 44, 41, 43, 46, 27, -1], [-1, 21, 20, 19, 28, 23, 45, 15, 18, 17, 37, 16, -1], [-1, 26, 0, 35, 34, 53, 33, 3, 56, 55, 1, -1], [-1, 9, 47, 42, 6, 5, 4, 50, 2, 32, 52, -1], [-1, 58, 54, 49, 22, 25, 57, 24, -1]]
	tour_lengths=[1.7161222246630623, 2.30363564258852, 1.8953885586198949, 1.4423339205583379, 2.0144625023801397, 1.3288786335092253]
	beginService=[0.0, 1.0946026152894708, 51.54494538857638, 60.2035152439415, 43.20833333333333, 46.33333333333333, 45.875, 39.64163943093313, 0.1416394309331329, 5.25, 0.21960261528947078, 36.31944444444444, 5.917052171907222, 8.168039224849798, 7.236496616351666, 45.875, 16.159880198899664, 29.041666666666664, 17.219203232285164, 16.721551122634533, 7.680555555555555, 2.833333333333333, 0.4869041150821696, 42.95833333333333, 13.833333333333332, 59.388888888888886, 43.41666666666666, 0.21960261528947078, 54.041666666666664, 8.470934001307603, 6.939264637658177, 7.425375748769288, 8.773585023934086, 61.32685709141124, 38.43055555555555, 2.638601883312613, 1.7163362689038237, 9.676362801711864, 17.66364767672961, 6.152777777777778, 0.268238998830944, 65.69444444444444, 12.183239156822475, 38.666666666666664, 12.69811509865394, 11.280461379044697, 15.598209275164796, 38.666666666666664, 0.9468342788311082, 21.11111111111111, 37.864566798566855, 59.388888888888886, 9.229167273000586, 61.793600859126016, 3.9633958389672586, 36.25, 51.10050094413194, 50.23611111111111, 43.902777777777764, 0.26679684322636865, 0.0, 0.0, 0.0, 0.0, 0.0]
	usedVehicles=6
	currentTime=[65.69444444444444, 54.041666666666664, 0.0, 51.54494538857638, 61.793600859126016, 59.388888888888886]
	currentQuantity=[[18.0, 18.0], [20.0, 20.0], [19.0, 19.0], [20.0, 20.0], [17.0, 17.0], [12.0, 12.0]]
	total_tour_length=10.700821482319181
	costObjectives=[10.700821482319181, 0.9747570090792947]
}

24:

Ant{
	tours=[[-1, 7, 8, 11, 13, 12, 51, 48, 10, 14, 40, -1], [-1, 39, 38, 29, 30, 31, 36, 44, 41, 43, 46, 27, -1], [-1, 21, 20, 19, 28, 23, 45, 15, 18, 17, 37, 16, -1], [-1, 26, 0, 35, 34, 53, 33, 3, 56, 55, 1, -1], [-1, 9, 47, 42, 6, 5, 4, 50, 2, 32, 52, -1], [-1, 58, 54, 49, 22, 25, 57, 24, -1]]
	tour_lengths=[1.7161222246630623, 2.30363564258852, 1.8953885586198949, 1.4423339205583379, 2.0144625023801397, 1.3288786335092253]
	beginService=[0.0, 1.0946026152894708, 51.54494538857638, 60.2035152439415, 43.20833333333333, 46.33333333333333, 45.875, 39.64163943093313, 0.1416394309331329, 5.25, 0.21960261528947078, 36.31944444444444, 5.917052171907222, 8.168039224849798, 7.236496616351666, 45.875, 16.159880198899664, 29.041666666666664, 17.219203232285164, 16.721551122634533, 7.680555555555555, 2.833333333333333, 0.4869041150821696, 42.95833333333333, 13.833333333333332, 59.388888888888886, 43.41666666666666, 0.21960261528947078, 54.041666666666664, 8.470934001307603, 6.939264637658177, 7.425375748769288, 8.773585023934086, 61.32685709141124, 38.43055555555555, 2.638601883312613, 1.7163362689038237, 9.676362801711864, 17.66364767672961, 6.152777777777778, 0.268238998830944, 65.69444444444444, 12.183239156822475, 38.666666666666664, 12.69811509865394, 11.280461379044697, 15.598209275164796, 38.666666666666664, 0.9468342788311082, 21.11111111111111, 37.864566798566855, 59.388888888888886, 9.229167273000586, 61.793600859126016, 3.9633958389672586, 36.25, 51.10050094413194, 50.23611111111111, 43.902777777777764, 0.26679684322636865, 0.0, 0.0, 0.0, 0.0, 0.0]
	usedVehicles=6
	currentTime=[65.69444444444444, 54.041666666666664, 0.0, 51.54494538857638, 61.793600859126016, 59.388888888888886]
	currentQuantity=[[18.0, 18.0], [20.0, 20.0], [19.0, 19.0], [20.0, 20.0], [17.0, 17.0], [12.0, 12.0]]
	total_tour_length=10.700821482319181
	costObjectives=[10.700821482319181, 0.9747570090792947]
}

25:

Ant{
	tours=[[-1, 7, 8, 11, 13, 12, 51, 48, 10, 14, 40, -1], [-1, 39, 38, 29, 30, 31, 36, 44, 41, 43, 46, 27, -1], [-1, 21, 20, 19, 28, 23, 45, 15, 18, 17, 37, 16, -1], [-1, 26, 0, 35, 34, 53, 33, 3, 56, 55, 1, -1], [-1, 9, 47, 42, 6, 5, 4, 50, 2, 32, 52, -1], [-1, 58, 54, 49, 22, 25, 57, 24, -1]]
	tour_lengths=[1.7161222246630623, 2.30363564258852, 1.8953885586198949, 1.4423339205583379, 2.0144625023801397, 1.3288786335092253]
	beginService=[0.0, 1.0946026152894708, 51.54494538857638, 60.2035152439415, 43.20833333333333, 46.33333333333333, 45.875, 39.64163943093313, 0.1416394309331329, 5.25, 0.21960261528947078, 36.31944444444444, 5.917052171907222, 8.168039224849798, 7.236496616351666, 45.875, 16.159880198899664, 29.041666666666664, 17.219203232285164, 16.721551122634533, 7.680555555555555, 2.833333333333333, 0.4869041150821696, 42.95833333333333, 13.833333333333332, 59.388888888888886, 43.41666666666666, 0.21960261528947078, 54.041666666666664, 8.470934001307603, 6.939264637658177, 7.425375748769288, 8.773585023934086, 61.32685709141124, 38.43055555555555, 2.638601883312613, 1.7163362689038237, 9.676362801711864, 17.66364767672961, 6.152777777777778, 0.268238998830944, 65.69444444444444, 12.183239156822475, 38.666666666666664, 12.69811509865394, 11.280461379044697, 15.598209275164796, 38.666666666666664, 0.9468342788311082, 21.11111111111111, 37.864566798566855, 59.388888888888886, 9.229167273000586, 61.793600859126016, 3.9633958389672586, 36.25, 51.10050094413194, 50.23611111111111, 43.902777777777764, 0.26679684322636865, 0.0, 0.0, 0.0, 0.0, 0.0]
	usedVehicles=6
	currentTime=[65.69444444444444, 54.041666666666664, 0.0, 51.54494538857638, 61.793600859126016, 59.388888888888886]
	currentQuantity=[[18.0, 18.0], [20.0, 20.0], [19.0, 19.0], [20.0, 20.0], [17.0, 17.0], [12.0, 12.0]]
	total_tour_length=10.700821482319181
	costObjectives=[10.700821482319181, 0.9747570090792947]
}

26:

Ant{
	tours=[[-1, 7, 8, 11, 13, 12, 51, 48, 10, 14, 40, -1], [-1, 39, 38, 29, 30, 31, 36, 44, 41, 43, 46, 27, -1], [-1, 21, 20, 19, 28, 23, 45, 15, 18, 17, 37, 16, -1], [-1, 26, 0, 35, 34, 53, 33, 3, 56, 55, 1, -1], [-1, 9, 47, 42, 6, 5, 4, 50, 2, 32, 52, -1], [-1, 58, 54, 49, 22, 25, 57, 24, -1]]
	tour_lengths=[1.7161222246630623, 2.30363564258852, 1.8953885586198949, 1.4423339205583379, 2.0144625023801397, 1.3288786335092253]
	beginService=[0.0, 1.0946026152894708, 51.54494538857638, 60.2035152439415, 43.20833333333333, 46.33333333333333, 45.875, 39.64163943093313, 0.1416394309331329, 5.25, 0.21960261528947078, 36.31944444444444, 5.917052171907222, 8.168039224849798, 7.236496616351666, 45.875, 16.159880198899664, 29.041666666666664, 17.219203232285164, 16.721551122634533, 7.680555555555555, 2.833333333333333, 0.4869041150821696, 42.95833333333333, 13.833333333333332, 59.388888888888886, 43.41666666666666, 0.21960261528947078, 54.041666666666664, 8.470934001307603, 6.939264637658177, 7.425375748769288, 8.773585023934086, 61.32685709141124, 38.43055555555555, 2.638601883312613, 1.7163362689038237, 9.676362801711864, 17.66364767672961, 6.152777777777778, 0.268238998830944, 65.69444444444444, 12.183239156822475, 38.666666666666664, 12.69811509865394, 11.280461379044697, 15.598209275164796, 38.666666666666664, 0.9468342788311082, 21.11111111111111, 37.864566798566855, 59.388888888888886, 9.229167273000586, 61.793600859126016, 3.9633958389672586, 36.25, 51.10050094413194, 50.23611111111111, 43.902777777777764, 0.26679684322636865, 0.0, 0.0, 0.0, 0.0, 0.0]
	usedVehicles=6
	currentTime=[65.69444444444444, 54.041666666666664, 0.0, 51.54494538857638, 61.793600859126016, 59.388888888888886]
	currentQuantity=[[18.0, 18.0], [20.0, 20.0], [19.0, 19.0], [20.0, 20.0], [17.0, 17.0], [12.0, 12.0]]
	total_tour_length=10.700821482319181
	costObjectives=[10.700821482319181, 0.9747570090792947]
}

27:

Ant{
	tours=[[-1, 7, 8, 11, 13, 12, 51, 48, 10, 14, 40, -1], [-1, 39, 38, 29, 30, 31, 36, 44, 41, 43, 46, 27, -1], [-1, 21, 20, 19, 28, 23, 45, 15, 18, 17, 37, 16, -1], [-1, 26, 0, 35, 34, 53, 33, 3, 56, 55, 1, -1], [-1, 9, 47, 42, 6, 5, 4, 50, 2, 32, 52, -1], [-1, 58, 54, 49, 22, 25, 57, 24, -1]]
	tour_lengths=[1.7161222246630623, 2.30363564258852, 1.8953885586198949, 1.4423339205583379, 2.0144625023801397, 1.3288786335092253]
	beginService=[0.0, 1.0946026152894708, 51.54494538857638, 60.2035152439415, 43.20833333333333, 46.33333333333333, 45.875, 39.64163943093313, 0.1416394309331329, 5.25, 0.21960261528947078, 36.31944444444444, 5.917052171907222, 8.168039224849798, 7.236496616351666, 45.875, 16.159880198899664, 29.041666666666664, 17.219203232285164, 16.721551122634533, 7.680555555555555, 2.833333333333333, 0.4869041150821696, 42.95833333333333, 13.833333333333332, 59.388888888888886, 43.41666666666666, 0.21960261528947078, 54.041666666666664, 8.470934001307603, 6.939264637658177, 7.425375748769288, 8.773585023934086, 61.32685709141124, 38.43055555555555, 2.638601883312613, 1.7163362689038237, 9.676362801711864, 17.66364767672961, 6.152777777777778, 0.268238998830944, 65.69444444444444, 12.183239156822475, 38.666666666666664, 12.69811509865394, 11.280461379044697, 15.598209275164796, 38.666666666666664, 0.9468342788311082, 21.11111111111111, 37.864566798566855, 59.388888888888886, 9.229167273000586, 61.793600859126016, 3.9633958389672586, 36.25, 51.10050094413194, 50.23611111111111, 43.902777777777764, 0.26679684322636865, 0.0, 0.0, 0.0, 0.0, 0.0]
	usedVehicles=6
	currentTime=[65.69444444444444, 54.041666666666664, 0.0, 51.54494538857638, 61.793600859126016, 59.388888888888886]
	currentQuantity=[[18.0, 18.0], [20.0, 20.0], [19.0, 19.0], [20.0, 20.0], [17.0, 17.0], [12.0, 12.0]]
	total_tour_length=10.700821482319181
	costObjectives=[10.700821482319181, 0.9747570090792947]
}

28:

Ant{
	tours=[[-1, 7, 8, 11, 13, 12, 51, 48, 10, 14, 40, -1], [-1, 39, 38, 29, 30, 31, 36, 44, 41, 43, 46, 27, -1], [-1, 21, 20, 19, 28, 23, 45, 15, 18, 17, 37, 16, -1], [-1, 26, 0, 35, 34, 53, 33, 3, 56, 55, 1, -1], [-1, 9, 47, 42, 6, 5, 4, 50, 2, 32, 52, -1], [-1, 58, 54, 49, 22, 25, 57, 24, -1]]
	tour_lengths=[1.7161222246630623, 2.30363564258852, 1.8953885586198949, 1.4423339205583379, 2.0144625023801397, 1.3288786335092253]
	beginService=[0.0, 1.0946026152894708, 51.54494538857638, 60.2035152439415, 43.20833333333333, 46.33333333333333, 45.875, 39.64163943093313, 0.1416394309331329, 5.25, 0.21960261528947078, 36.31944444444444, 5.917052171907222, 8.168039224849798, 7.236496616351666, 45.875, 16.159880198899664, 29.041666666666664, 17.219203232285164, 16.721551122634533, 7.680555555555555, 2.833333333333333, 0.4869041150821696, 42.95833333333333, 13.833333333333332, 59.388888888888886, 43.41666666666666, 0.21960261528947078, 54.041666666666664, 8.470934001307603, 6.939264637658177, 7.425375748769288, 8.773585023934086, 61.32685709141124, 38.43055555555555, 2.638601883312613, 1.7163362689038237, 9.676362801711864, 17.66364767672961, 6.152777777777778, 0.268238998830944, 65.69444444444444, 12.183239156822475, 38.666666666666664, 12.69811509865394, 11.280461379044697, 15.598209275164796, 38.666666666666664, 0.9468342788311082, 21.11111111111111, 37.864566798566855, 59.388888888888886, 9.229167273000586, 61.793600859126016, 3.9633958389672586, 36.25, 51.10050094413194, 50.23611111111111, 43.902777777777764, 0.26679684322636865, 0.0, 0.0, 0.0, 0.0, 0.0]
	usedVehicles=6
	currentTime=[65.69444444444444, 54.041666666666664, 0.0, 51.54494538857638, 61.793600859126016, 59.388888888888886]
	currentQuantity=[[18.0, 18.0], [20.0, 20.0], [19.0, 19.0], [20.0, 20.0], [17.0, 17.0], [12.0, 12.0]]
	total_tour_length=10.700821482319181
	costObjectives=[10.700821482319181, 0.9747570090792947]
}

29:

Ant{
	tours=[[-1, 7, 8, 11, 13, 12, 51, 48, 10, 14, 40, -1], [-1, 39, 38, 29, 30, 31, 36, 44, 41, 43, 46, 27, -1], [-1, 21, 20, 19, 28, 23, 45, 15, 18, 17, 37, 16, -1], [-1, 26, 0, 35, 34, 53, 33, 3, 56, 55, 1, -1], [-1, 9, 47, 42, 6, 5, 4, 50, 2, 32, 52, -1], [-1, 58, 54, 49, 22, 25, 57, 24, -1]]
	tour_lengths=[1.7161222246630623, 2.30363564258852, 1.8953885586198949, 1.4423339205583379, 2.0144625023801397, 1.3288786335092253]
	beginService=[0.0, 1.0946026152894708, 51.54494538857638, 60.2035152439415, 43.20833333333333, 46.33333333333333, 45.875, 39.64163943093313, 0.1416394309331329, 5.25, 0.21960261528947078, 36.31944444444444, 5.917052171907222, 8.168039224849798, 7.236496616351666, 45.875, 16.159880198899664, 29.041666666666664, 17.219203232285164, 16.721551122634533, 7.680555555555555, 2.833333333333333, 0.4869041150821696, 42.95833333333333, 13.833333333333332, 59.388888888888886, 43.41666666666666, 0.21960261528947078, 54.041666666666664, 8.470934001307603, 6.939264637658177, 7.425375748769288, 8.773585023934086, 61.32685709141124, 38.43055555555555, 2.638601883312613, 1.7163362689038237, 9.676362801711864, 17.66364767672961, 6.152777777777778, 0.268238998830944, 65.69444444444444, 12.183239156822475, 38.666666666666664, 12.69811509865394, 11.280461379044697, 15.598209275164796, 38.666666666666664, 0.9468342788311082, 21.11111111111111, 37.864566798566855, 59.388888888888886, 9.229167273000586, 61.793600859126016, 3.9633958389672586, 36.25, 51.10050094413194, 50.23611111111111, 43.902777777777764, 0.26679684322636865, 0.0, 0.0, 0.0, 0.0, 0.0]
	usedVehicles=6
	currentTime=[65.69444444444444, 54.041666666666664, 0.0, 51.54494538857638, 61.793600859126016, 59.388888888888886]
	currentQuantity=[[18.0, 18.0], [20.0, 20.0], [19.0, 19.0], [20.0, 20.0], [17.0, 17.0], [12.0, 12.0]]
	total_tour_length=10.700821482319181
	costObjectives=[10.700821482319181, 0.9747570090792947]
}

30:

Ant{
	tours=[[-1, 7, 8, 11, 13, 12, 51, 48, 10, 14, 40, -1], [-1, 39, 38, 29, 30, 31, 36, 44, 41, 43, 46, 27, -1], [-1, 21, 20, 19, 28, 23, 45, 15, 18, 17, 37, 16, -1], [-1, 26, 0, 35, 34, 53, 33, 3, 56, 55, 1, -1], [-1, 9, 47, 42, 6, 5, 4, 50, 2, 32, 52, -1], [-1, 58, 54, 49, 22, 25, 57, 24, -1]]
	tour_lengths=[1.7161222246630623, 2.30363564258852, 1.8953885586198949, 1.4423339205583379, 2.0144625023801397, 1.3288786335092253]
	beginService=[0.0, 1.0946026152894708, 51.54494538857638, 60.2035152439415, 43.20833333333333, 46.33333333333333, 45.875, 39.64163943093313, 0.1416394309331329, 5.25, 0.21960261528947078, 36.31944444444444, 5.917052171907222, 8.168039224849798, 7.236496616351666, 45.875, 16.159880198899664, 29.041666666666664, 17.219203232285164, 16.721551122634533, 7.680555555555555, 2.833333333333333, 0.4869041150821696, 42.95833333333333, 13.833333333333332, 59.388888888888886, 43.41666666666666, 0.21960261528947078, 54.041666666666664, 8.470934001307603, 6.939264637658177, 7.425375748769288, 8.773585023934086, 61.32685709141124, 38.43055555555555, 2.638601883312613, 1.7163362689038237, 9.676362801711864, 17.66364767672961, 6.152777777777778, 0.268238998830944, 65.69444444444444, 12.183239156822475, 38.666666666666664, 12.69811509865394, 11.280461379044697, 15.598209275164796, 38.666666666666664, 0.9468342788311082, 21.11111111111111, 37.864566798566855, 59.388888888888886, 9.229167273000586, 61.793600859126016, 3.9633958389672586, 36.25, 51.10050094413194, 50.23611111111111, 43.902777777777764, 0.26679684322636865, 0.0, 0.0, 0.0, 0.0, 0.0]
	usedVehicles=6
	currentTime=[65.69444444444444, 54.041666666666664, 0.0, 51.54494538857638, 61.793600859126016, 59.388888888888886]
	currentQuantity=[[18.0, 18.0], [20.0, 20.0], [19.0, 19.0], [20.0, 20.0], [17.0, 17.0], [12.0, 12.0]]
	total_tour_length=10.700821482319181
	costObjectives=[10.700821482319181, 0.9747570090792947]
}

31:

Ant{
	tours=[[-1, 7, 8, 11, 13, 12, 51, 48, 10, 14, 40, -1], [-1, 39, 38, 29, 30, 31, 36, 44, 41, 43, 46, 27, -1], [-1, 21, 20, 19, 28, 23, 45, 15, 18, 17, 37, 16, -1], [-1, 26, 0, 35, 34, 53, 33, 3, 56, 55, 1, -1], [-1, 9, 47, 42, 6, 5, 4, 50, 2, 32, 52, -1], [-1, 58, 54, 49, 22, 25, 57, 24, -1]]
	tour_lengths=[1.7161222246630623, 2.30363564258852, 1.8953885586198949, 1.4423339205583379, 2.0144625023801397, 1.3288786335092253]
	beginService=[0.0, 1.0946026152894708, 51.54494538857638, 60.2035152439415, 43.20833333333333, 46.33333333333333, 45.875, 39.64163943093313, 0.1416394309331329, 5.25, 0.21960261528947078, 36.31944444444444, 5.917052171907222, 8.168039224849798, 7.236496616351666, 45.875, 16.159880198899664, 29.041666666666664, 17.219203232285164, 16.721551122634533, 7.680555555555555, 2.833333333333333, 0.4869041150821696, 42.95833333333333, 13.833333333333332, 59.388888888888886, 43.41666666666666, 0.21960261528947078, 54.041666666666664, 8.470934001307603, 6.939264637658177, 7.425375748769288, 8.773585023934086, 61.32685709141124, 38.43055555555555, 2.638601883312613, 1.7163362689038237, 9.676362801711864, 17.66364767672961, 6.152777777777778, 0.268238998830944, 65.69444444444444, 12.183239156822475, 38.666666666666664, 12.69811509865394, 11.280461379044697, 15.598209275164796, 38.666666666666664, 0.9468342788311082, 21.11111111111111, 37.864566798566855, 59.388888888888886, 9.229167273000586, 61.793600859126016, 3.9633958389672586, 36.25, 51.10050094413194, 50.23611111111111, 43.902777777777764, 0.26679684322636865, 0.0, 0.0, 0.0, 0.0, 0.0]
	usedVehicles=6
	currentTime=[65.69444444444444, 54.041666666666664, 0.0, 51.54494538857638, 61.793600859126016, 59.388888888888886]
	currentQuantity=[[18.0, 18.0], [20.0, 20.0], [19.0, 19.0], [20.0, 20.0], [17.0, 17.0], [12.0, 12.0]]
	total_tour_length=10.700821482319181
	costObjectives=[10.700821482319181, 0.9747570090792947]
}

32:

Ant{
	tours=[[-1, 7, 8, 11, 13, 12, 51, 48, 10, 14, 40, -1], [-1, 39, 38, 29, 30, 31, 36, 44, 41, 43, 46, 27, -1], [-1, 21, 20, 19, 28, 23, 45, 15, 18, 17, 37, 16, -1], [-1, 26, 0, 35, 34, 53, 33, 3, 56, 55, 1, -1], [-1, 9, 47, 42, 6, 5, 4, 50, 2, 32, 52, -1], [-1, 58, 54, 49, 22, 25, 57, 24, -1]]
	tour_lengths=[1.7161222246630623, 2.30363564258852, 1.8953885586198949, 1.4423339205583379, 2.0144625023801397, 1.3288786335092253]
	beginService=[0.0, 1.0946026152894708, 51.54494538857638, 60.2035152439415, 43.20833333333333, 46.33333333333333, 45.875, 39.64163943093313, 0.1416394309331329, 5.25, 0.21960261528947078, 36.31944444444444, 5.917052171907222, 8.168039224849798, 7.236496616351666, 45.875, 16.159880198899664, 29.041666666666664, 17.219203232285164, 16.721551122634533, 7.680555555555555, 2.833333333333333, 0.4869041150821696, 42.95833333333333, 13.833333333333332, 59.388888888888886, 43.41666666666666, 0.21960261528947078, 54.041666666666664, 8.470934001307603, 6.939264637658177, 7.425375748769288, 8.773585023934086, 61.32685709141124, 38.43055555555555, 2.638601883312613, 1.7163362689038237, 9.676362801711864, 17.66364767672961, 6.152777777777778, 0.268238998830944, 65.69444444444444, 12.183239156822475, 38.666666666666664, 12.69811509865394, 11.280461379044697, 15.598209275164796, 38.666666666666664, 0.9468342788311082, 21.11111111111111, 37.864566798566855, 59.388888888888886, 9.229167273000586, 61.793600859126016, 3.9633958389672586, 36.25, 51.10050094413194, 50.23611111111111, 43.902777777777764, 0.26679684322636865, 0.0, 0.0, 0.0, 0.0, 0.0]
	usedVehicles=6
	currentTime=[65.69444444444444, 54.041666666666664, 0.0, 51.54494538857638, 61.793600859126016, 59.388888888888886]
	currentQuantity=[[18.0, 18.0], [20.0, 20.0], [19.0, 19.0], [20.0, 20.0], [17.0, 17.0], [12.0, 12.0]]
	total_tour_length=10.700821482319181
	costObjectives=[10.700821482319181, 0.9747570090792947]
}

33:

Ant{
	tours=[[-1, 7, 8, 11, 13, 12, 51, 48, 10, 14, 40, -1], [-1, 39, 38, 29, 30, 31, 36, 44, 41, 43, 46, 27, -1], [-1, 21, 20, 19, 28, 23, 45, 15, 18, 17, 37, 16, -1], [-1, 26, 0, 35, 34, 53, 33, 3, 56, 55, 1, -1], [-1, 9, 47, 42, 6, 5, 4, 50, 2, 32, 52, -1], [-1, 58, 54, 49, 22, 25, 57, 24, -1]]
	tour_lengths=[1.7161222246630623, 2.30363564258852, 1.8953885586198949, 1.4423339205583379, 2.0144625023801397, 1.3288786335092253]
	beginService=[0.0, 1.0946026152894708, 51.54494538857638, 60.2035152439415, 43.20833333333333, 46.33333333333333, 45.875, 39.64163943093313, 0.1416394309331329, 5.25, 0.21960261528947078, 36.31944444444444, 5.917052171907222, 8.168039224849798, 7.236496616351666, 45.875, 16.159880198899664, 29.041666666666664, 17.219203232285164, 16.721551122634533, 7.680555555555555, 2.833333333333333, 0.4869041150821696, 42.95833333333333, 13.833333333333332, 59.388888888888886, 43.41666666666666, 0.21960261528947078, 54.041666666666664, 8.470934001307603, 6.939264637658177, 7.425375748769288, 8.773585023934086, 61.32685709141124, 38.43055555555555, 2.638601883312613, 1.7163362689038237, 9.676362801711864, 17.66364767672961, 6.152777777777778, 0.268238998830944, 65.69444444444444, 12.183239156822475, 38.666666666666664, 12.69811509865394, 11.280461379044697, 15.598209275164796, 38.666666666666664, 0.9468342788311082, 21.11111111111111, 37.864566798566855, 59.388888888888886, 9.229167273000586, 61.793600859126016, 3.9633958389672586, 36.25, 51.10050094413194, 50.23611111111111, 43.902777777777764, 0.26679684322636865, 0.0, 0.0, 0.0, 0.0, 0.0]
	usedVehicles=6
	currentTime=[65.69444444444444, 54.041666666666664, 0.0, 51.54494538857638, 61.793600859126016, 59.388888888888886]
	currentQuantity=[[18.0, 18.0], [20.0, 20.0], [19.0, 19.0], [20.0, 20.0], [17.0, 17.0], [12.0, 12.0]]
	total_tour_length=10.700821482319181
	costObjectives=[10.700821482319181, 0.9747570090792947]
}

34:

Ant{
	tours=[[-1, 7, 8, 11, 13, 12, 51, 48, 10, 14, 40, -1], [-1, 39, 38, 29, 30, 31, 36, 44, 41, 43, 46, 27, -1], [-1, 21, 20, 19, 28, 23, 45, 15, 18, 17, 37, 16, -1], [-1, 26, 0, 35, 34, 53, 33, 3, 56, 55, 1, -1], [-1, 9, 47, 42, 6, 5, 4, 50, 2, 32, 52, -1], [-1, 58, 54, 49, 22, 25, 57, 24, -1]]
	tour_lengths=[1.7161222246630623, 2.30363564258852, 1.8953885586198949, 1.4423339205583379, 2.0144625023801397, 1.3288786335092253]
	beginService=[0.0, 1.0946026152894708, 51.54494538857638, 60.2035152439415, 43.20833333333333, 46.33333333333333, 45.875, 39.64163943093313, 0.1416394309331329, 5.25, 0.21960261528947078, 36.31944444444444, 5.917052171907222, 8.168039224849798, 7.236496616351666, 45.875, 16.159880198899664, 29.041666666666664, 17.219203232285164, 16.721551122634533, 7.680555555555555, 2.833333333333333, 0.4869041150821696, 42.95833333333333, 13.833333333333332, 59.388888888888886, 43.41666666666666, 0.21960261528947078, 54.041666666666664, 8.470934001307603, 6.939264637658177, 7.425375748769288, 8.773585023934086, 61.32685709141124, 38.43055555555555, 2.638601883312613, 1.7163362689038237, 9.676362801711864, 17.66364767672961, 6.152777777777778, 0.268238998830944, 65.69444444444444, 12.183239156822475, 38.666666666666664, 12.69811509865394, 11.280461379044697, 15.598209275164796, 38.666666666666664, 0.9468342788311082, 21.11111111111111, 37.864566798566855, 59.388888888888886, 9.229167273000586, 61.793600859126016, 3.9633958389672586, 36.25, 51.10050094413194, 50.23611111111111, 43.902777777777764, 0.26679684322636865, 0.0, 0.0, 0.0, 0.0, 0.0]
	usedVehicles=6
	currentTime=[65.69444444444444, 54.041666666666664, 0.0, 51.54494538857638, 61.793600859126016, 59.388888888888886]
	currentQuantity=[[18.0, 18.0], [20.0, 20.0], [19.0, 19.0], [20.0, 20.0], [17.0, 17.0], [12.0, 12.0]]
	total_tour_length=10.700821482319181
	costObjectives=[10.700821482319181, 0.9747570090792947]
}

35:

Ant{
	tours=[[-1, 7, 8, 11, 13, 12, 51, 48, 10, 14, 40, -1], [-1, 39, 38, 29, 30, 31, 36, 44, 41, 43, 46, 27, -1], [-1, 21, 20, 19, 28, 23, 45, 15, 18, 17, 37, 16, -1], [-1, 26, 0, 35, 34, 53, 33, 3, 56, 55, 1, -1], [-1, 9, 47, 42, 6, 5, 4, 50, 2, 32, 52, -1], [-1, 58, 54, 49, 22, 25, 57, 24, -1]]
	tour_lengths=[1.7161222246630623, 2.30363564258852, 1.8953885586198949, 1.4423339205583379, 2.0144625023801397, 1.3288786335092253]
	beginService=[0.0, 1.0946026152894708, 51.54494538857638, 60.2035152439415, 43.20833333333333, 46.33333333333333, 45.875, 39.64163943093313, 0.1416394309331329, 5.25, 0.21960261528947078, 36.31944444444444, 5.917052171907222, 8.168039224849798, 7.236496616351666, 45.875, 16.159880198899664, 29.041666666666664, 17.219203232285164, 16.721551122634533, 7.680555555555555, 2.833333333333333, 0.4869041150821696, 42.95833333333333, 13.833333333333332, 59.388888888888886, 43.41666666666666, 0.21960261528947078, 54.041666666666664, 8.470934001307603, 6.939264637658177, 7.425375748769288, 8.773585023934086, 61.32685709141124, 38.43055555555555, 2.638601883312613, 1.7163362689038237, 9.676362801711864, 17.66364767672961, 6.152777777777778, 0.268238998830944, 65.69444444444444, 12.183239156822475, 38.666666666666664, 12.69811509865394, 11.280461379044697, 15.598209275164796, 38.666666666666664, 0.9468342788311082, 21.11111111111111, 37.864566798566855, 59.388888888888886, 9.229167273000586, 61.793600859126016, 3.9633958389672586, 36.25, 51.10050094413194, 50.23611111111111, 43.902777777777764, 0.26679684322636865, 0.0, 0.0, 0.0, 0.0, 0.0]
	usedVehicles=6
	currentTime=[65.69444444444444, 54.041666666666664, 0.0, 51.54494538857638, 61.793600859126016, 59.388888888888886]
	currentQuantity=[[18.0, 18.0], [20.0, 20.0], [19.0, 19.0], [20.0, 20.0], [17.0, 17.0], [12.0, 12.0]]
	total_tour_length=10.700821482319181
	costObjectives=[10.700821482319181, 0.9747570090792947]
}

36:

Ant{
	tours=[[-1, 7, 8, 11, 13, 12, 51, 48, 10, 14, 40, -1], [-1, 39, 38, 29, 30, 31, 36, 44, 41, 43, 46, 27, -1], [-1, 21, 20, 19, 28, 23, 45, 15, 18, 17, 37, 16, -1], [-1, 26, 0, 35, 34, 53, 33, 3, 56, 55, 1, -1], [-1, 9, 47, 42, 6, 5, 4, 50, 2, 32, 52, -1], [-1, 58, 54, 49, 22, 25, 57, 24, -1]]
	tour_lengths=[1.7161222246630623, 2.30363564258852, 1.8953885586198949, 1.4423339205583379, 2.0144625023801397, 1.3288786335092253]
	beginService=[0.0, 1.0946026152894708, 51.54494538857638, 60.2035152439415, 43.20833333333333, 46.33333333333333, 45.875, 39.64163943093313, 0.1416394309331329, 5.25, 0.21960261528947078, 36.31944444444444, 5.917052171907222, 8.168039224849798, 7.236496616351666, 45.875, 16.159880198899664, 29.041666666666664, 17.219203232285164, 16.721551122634533, 7.680555555555555, 2.833333333333333, 0.4869041150821696, 42.95833333333333, 13.833333333333332, 59.388888888888886, 43.41666666666666, 0.21960261528947078, 54.041666666666664, 8.470934001307603, 6.939264637658177, 7.425375748769288, 8.773585023934086, 61.32685709141124, 38.43055555555555, 2.638601883312613, 1.7163362689038237, 9.676362801711864, 17.66364767672961, 6.152777777777778, 0.268238998830944, 65.69444444444444, 12.183239156822475, 38.666666666666664, 12.69811509865394, 11.280461379044697, 15.598209275164796, 38.666666666666664, 0.9468342788311082, 21.11111111111111, 37.864566798566855, 59.388888888888886, 9.229167273000586, 61.793600859126016, 3.9633958389672586, 36.25, 51.10050094413194, 50.23611111111111, 43.902777777777764, 0.26679684322636865, 0.0, 0.0, 0.0, 0.0, 0.0]
	usedVehicles=6
	currentTime=[65.69444444444444, 54.041666666666664, 0.0, 51.54494538857638, 61.793600859126016, 59.388888888888886]
	currentQuantity=[[18.0, 18.0], [20.0, 20.0], [19.0, 19.0], [20.0, 20.0], [17.0, 17.0], [12.0, 12.0]]
	total_tour_length=10.700821482319181
	costObjectives=[10.700821482319181, 0.9747570090792947]
}

37:

Ant{
	tours=[[-1, 7, 8, 11, 13, 12, 51, 48, 10, 14, 40, -1], [-1, 39, 38, 29, 30, 31, 36, 44, 41, 43, 46, 27, -1], [-1, 21, 20, 19, 28, 23, 45, 15, 18, 17, 37, 16, -1], [-1, 26, 0, 35, 34, 53, 33, 3, 56, 55, 1, -1], [-1, 9, 47, 42, 6, 5, 4, 50, 2, 32, 52, -1], [-1, 58, 54, 49, 22, 25, 57, 24, -1]]
	tour_lengths=[1.7161222246630623, 2.30363564258852, 1.8953885586198949, 1.4423339205583379, 2.0144625023801397, 1.3288786335092253]
	beginService=[0.0, 1.0946026152894708, 51.54494538857638, 60.2035152439415, 43.20833333333333, 46.33333333333333, 45.875, 39.64163943093313, 0.1416394309331329, 5.25, 0.21960261528947078, 36.31944444444444, 5.917052171907222, 8.168039224849798, 7.236496616351666, 45.875, 16.159880198899664, 29.041666666666664, 17.219203232285164, 16.721551122634533, 7.680555555555555, 2.833333333333333, 0.4869041150821696, 42.95833333333333, 13.833333333333332, 59.388888888888886, 43.41666666666666, 0.21960261528947078, 54.041666666666664, 8.470934001307603, 6.939264637658177, 7.425375748769288, 8.773585023934086, 61.32685709141124, 38.43055555555555, 2.638601883312613, 1.7163362689038237, 9.676362801711864, 17.66364767672961, 6.152777777777778, 0.268238998830944, 65.69444444444444, 12.183239156822475, 38.666666666666664, 12.69811509865394, 11.280461379044697, 15.598209275164796, 38.666666666666664, 0.9468342788311082, 21.11111111111111, 37.864566798566855, 59.388888888888886, 9.229167273000586, 61.793600859126016, 3.9633958389672586, 36.25, 51.10050094413194, 50.23611111111111, 43.902777777777764, 0.26679684322636865, 0.0, 0.0, 0.0, 0.0, 0.0]
	usedVehicles=6
	currentTime=[65.69444444444444, 54.041666666666664, 0.0, 51.54494538857638, 61.793600859126016, 59.388888888888886]
	currentQuantity=[[18.0, 18.0], [20.0, 20.0], [19.0, 19.0], [20.0, 20.0], [17.0, 17.0], [12.0, 12.0]]
	total_tour_length=10.700821482319181
	costObjectives=[10.700821482319181, 0.9747570090792947]
}

38:

Ant{
	tours=[[-1, 7, 8, 11, 13, 12, 51, 48, 10, 14, 40, -1], [-1, 39, 38, 29, 30, 31, 36, 44, 41, 43, 46, 27, -1], [-1, 21, 20, 19, 28, 23, 45, 15, 18, 17, 37, 16, -1], [-1, 26, 0, 35, 34, 53, 33, 3, 56, 55, 1, -1], [-1, 9, 47, 42, 6, 5, 4, 50, 2, 32, 52, -1], [-1, 58, 54, 49, 22, 25, 57, 24, -1]]
	tour_lengths=[1.7161222246630623, 2.30363564258852, 1.8953885586198949, 1.4423339205583379, 2.0144625023801397, 1.3288786335092253]
	beginService=[0.0, 1.0946026152894708, 51.54494538857638, 60.2035152439415, 43.20833333333333, 46.33333333333333, 45.875, 39.64163943093313, 0.1416394309331329, 5.25, 0.21960261528947078, 36.31944444444444, 5.917052171907222, 8.168039224849798, 7.236496616351666, 45.875, 16.159880198899664, 29.041666666666664, 17.219203232285164, 16.721551122634533, 7.680555555555555, 2.833333333333333, 0.4869041150821696, 42.95833333333333, 13.833333333333332, 59.388888888888886, 43.41666666666666, 0.21960261528947078, 54.041666666666664, 8.470934001307603, 6.939264637658177, 7.425375748769288, 8.773585023934086, 61.32685709141124, 38.43055555555555, 2.638601883312613, 1.7163362689038237, 9.676362801711864, 17.66364767672961, 6.152777777777778, 0.268238998830944, 65.69444444444444, 12.183239156822475, 38.666666666666664, 12.69811509865394, 11.280461379044697, 15.598209275164796, 38.666666666666664, 0.9468342788311082, 21.11111111111111, 37.864566798566855, 59.388888888888886, 9.229167273000586, 61.793600859126016, 3.9633958389672586, 36.25, 51.10050094413194, 50.23611111111111, 43.902777777777764, 0.26679684322636865, 0.0, 0.0, 0.0, 0.0, 0.0]
	usedVehicles=6
	currentTime=[65.69444444444444, 54.041666666666664, 0.0, 51.54494538857638, 61.793600859126016, 59.388888888888886]
	currentQuantity=[[18.0, 18.0], [20.0, 20.0], [19.0, 19.0], [20.0, 20.0], [17.0, 17.0], [12.0, 12.0]]
	total_tour_length=10.700821482319181
	costObjectives=[10.700821482319181, 0.9747570090792947]
}

39:

Ant{
	tours=[[-1, 7, 8, 11, 13, 12, 51, 48, 10, 14, 40, -1], [-1, 39, 38, 29, 30, 31, 36, 44, 41, 43, 46, 27, -1], [-1, 21, 20, 19, 28, 23, 45, 15, 18, 17, 37, 16, -1], [-1, 26, 0, 35, 34, 53, 33, 3, 56, 55, 1, -1], [-1, 9, 47, 42, 6, 5, 4, 50, 2, 32, 52, -1], [-1, 58, 54, 49, 22, 25, 57, 24, -1]]
	tour_lengths=[1.7161222246630623, 2.30363564258852, 1.8953885586198949, 1.4423339205583379, 2.0144625023801397, 1.3288786335092253]
	beginService=[0.0, 1.0946026152894708, 51.54494538857638, 60.2035152439415, 43.20833333333333, 46.33333333333333, 45.875, 39.64163943093313, 0.1416394309331329, 5.25, 0.21960261528947078, 36.31944444444444, 5.917052171907222, 8.168039224849798, 7.236496616351666, 45.875, 16.159880198899664, 29.041666666666664, 17.219203232285164, 16.721551122634533, 7.680555555555555, 2.833333333333333, 0.4869041150821696, 42.95833333333333, 13.833333333333332, 59.388888888888886, 43.41666666666666, 0.21960261528947078, 54.041666666666664, 8.470934001307603, 6.939264637658177, 7.425375748769288, 8.773585023934086, 61.32685709141124, 38.43055555555555, 2.638601883312613, 1.7163362689038237, 9.676362801711864, 17.66364767672961, 6.152777777777778, 0.268238998830944, 65.69444444444444, 12.183239156822475, 38.666666666666664, 12.69811509865394, 11.280461379044697, 15.598209275164796, 38.666666666666664, 0.9468342788311082, 21.11111111111111, 37.864566798566855, 59.388888888888886, 9.229167273000586, 61.793600859126016, 3.9633958389672586, 36.25, 51.10050094413194, 50.23611111111111, 43.902777777777764, 0.26679684322636865, 0.0, 0.0, 0.0, 0.0, 0.0]
	usedVehicles=6
	currentTime=[65.69444444444444, 54.041666666666664, 0.0, 51.54494538857638, 61.793600859126016, 59.388888888888886]
	currentQuantity=[[18.0, 18.0], [20.0, 20.0], [19.0, 19.0], [20.0, 20.0], [17.0, 17.0], [12.0, 12.0]]
	total_tour_length=10.700821482319181
	costObjectives=[10.700821482319181, 0.9747570090792947]
}

40:

Ant{
	tours=[[-1, 7, 8, 11, 13, 12, 51, 48, 10, 14, 40, -1], [-1, 39, 38, 29, 30, 31, 36, 44, 41, 43, 46, 27, -1], [-1, 21, 20, 19, 28, 23, 45, 15, 18, 17, 37, 16, -1], [-1, 26, 0, 35, 34, 53, 33, 3, 56, 55, 1, -1], [-1, 9, 47, 42, 6, 5, 4, 50, 2, 32, 52, -1], [-1, 58, 54, 49, 22, 25, 57, 24, -1]]
	tour_lengths=[1.7161222246630623, 2.30363564258852, 1.8953885586198949, 1.4423339205583379, 2.0144625023801397, 1.3288786335092253]
	beginService=[0.0, 1.0946026152894708, 51.54494538857638, 60.2035152439415, 43.20833333333333, 46.33333333333333, 45.875, 39.64163943093313, 0.1416394309331329, 5.25, 0.21960261528947078, 36.31944444444444, 5.917052171907222, 8.168039224849798, 7.236496616351666, 45.875, 16.159880198899664, 29.041666666666664, 17.219203232285164, 16.721551122634533, 7.680555555555555, 2.833333333333333, 0.4869041150821696, 42.95833333333333, 13.833333333333332, 59.388888888888886, 43.41666666666666, 0.21960261528947078, 54.041666666666664, 8.470934001307603, 6.939264637658177, 7.425375748769288, 8.773585023934086, 61.32685709141124, 38.43055555555555, 2.638601883312613, 1.7163362689038237, 9.676362801711864, 17.66364767672961, 6.152777777777778, 0.268238998830944, 65.69444444444444, 12.183239156822475, 38.666666666666664, 12.69811509865394, 11.280461379044697, 15.598209275164796, 38.666666666666664, 0.9468342788311082, 21.11111111111111, 37.864566798566855, 59.388888888888886, 9.229167273000586, 61.793600859126016, 3.9633958389672586, 36.25, 51.10050094413194, 50.23611111111111, 43.902777777777764, 0.26679684322636865, 0.0, 0.0, 0.0, 0.0, 0.0]
	usedVehicles=6
	currentTime=[65.69444444444444, 54.041666666666664, 0.0, 51.54494538857638, 61.793600859126016, 59.388888888888886]
	currentQuantity=[[18.0, 18.0], [20.0, 20.0], [19.0, 19.0], [20.0, 20.0], [17.0, 17.0], [12.0, 12.0]]
	total_tour_length=10.700821482319181
	costObjectives=[10.700821482319181, 0.9747570090792947]
}

41:

Ant{
	tours=[[-1, 7, 8, 11, 13, 12, 51, 48, 10, 14, 40, -1], [-1, 39, 38, 29, 30, 31, 36, 44, 41, 43, 46, 27, -1], [-1, 21, 20, 19, 28, 23, 45, 15, 18, 17, 37, 16, -1], [-1, 26, 0, 35, 34, 53, 33, 3, 56, 55, 1, -1], [-1, 9, 47, 42, 6, 5, 4, 50, 2, 32, 52, -1], [-1, 58, 54, 49, 22, 25, 57, 24, -1]]
	tour_lengths=[1.7161222246630623, 2.30363564258852, 1.8953885586198949, 1.4423339205583379, 2.0144625023801397, 1.3288786335092253]
	beginService=[0.0, 1.0946026152894708, 51.54494538857638, 60.2035152439415, 43.20833333333333, 46.33333333333333, 45.875, 39.64163943093313, 0.1416394309331329, 5.25, 0.21960261528947078, 36.31944444444444, 5.917052171907222, 8.168039224849798, 7.236496616351666, 45.875, 16.159880198899664, 29.041666666666664, 17.219203232285164, 16.721551122634533, 7.680555555555555, 2.833333333333333, 0.4869041150821696, 42.95833333333333, 13.833333333333332, 59.388888888888886, 43.41666666666666, 0.21960261528947078, 54.041666666666664, 8.470934001307603, 6.939264637658177, 7.425375748769288, 8.773585023934086, 61.32685709141124, 38.43055555555555, 2.638601883312613, 1.7163362689038237, 9.676362801711864, 17.66364767672961, 6.152777777777778, 0.268238998830944, 65.69444444444444, 12.183239156822475, 38.666666666666664, 12.69811509865394, 11.280461379044697, 15.598209275164796, 38.666666666666664, 0.9468342788311082, 21.11111111111111, 37.864566798566855, 59.388888888888886, 9.229167273000586, 61.793600859126016, 3.9633958389672586, 36.25, 51.10050094413194, 50.23611111111111, 43.902777777777764, 0.26679684322636865, 0.0, 0.0, 0.0, 0.0, 0.0]
	usedVehicles=6
	currentTime=[65.69444444444444, 54.041666666666664, 0.0, 51.54494538857638, 61.793600859126016, 59.388888888888886]
	currentQuantity=[[18.0, 18.0], [20.0, 20.0], [19.0, 19.0], [20.0, 20.0], [17.0, 17.0], [12.0, 12.0]]
	total_tour_length=10.700821482319181
	costObjectives=[10.700821482319181, 0.9747570090792947]
}

42:

Ant{
	tours=[[-1, 7, 8, 11, 13, 12, 51, 48, 10, 14, 40, -1], [-1, 39, 38, 29, 30, 31, 36, 44, 41, 43, 46, 27, -1], [-1, 21, 20, 19, 28, 23, 45, 15, 18, 17, 37, 16, -1], [-1, 26, 0, 35, 34, 53, 33, 3, 56, 55, 1, -1], [-1, 9, 47, 42, 6, 5, 4, 50, 2, 32, 52, -1], [-1, 58, 54, 49, 22, 25, 57, 24, -1]]
	tour_lengths=[1.7161222246630623, 2.30363564258852, 1.8953885586198949, 1.4423339205583379, 2.0144625023801397, 1.3288786335092253]
	beginService=[0.0, 1.0946026152894708, 51.54494538857638, 60.2035152439415, 43.20833333333333, 46.33333333333333, 45.875, 39.64163943093313, 0.1416394309331329, 5.25, 0.21960261528947078, 36.31944444444444, 5.917052171907222, 8.168039224849798, 7.236496616351666, 45.875, 16.159880198899664, 29.041666666666664, 17.219203232285164, 16.721551122634533, 7.680555555555555, 2.833333333333333, 0.4869041150821696, 42.95833333333333, 13.833333333333332, 59.388888888888886, 43.41666666666666, 0.21960261528947078, 54.041666666666664, 8.470934001307603, 6.939264637658177, 7.425375748769288, 8.773585023934086, 61.32685709141124, 38.43055555555555, 2.638601883312613, 1.7163362689038237, 9.676362801711864, 17.66364767672961, 6.152777777777778, 0.268238998830944, 65.69444444444444, 12.183239156822475, 38.666666666666664, 12.69811509865394, 11.280461379044697, 15.598209275164796, 38.666666666666664, 0.9468342788311082, 21.11111111111111, 37.864566798566855, 59.388888888888886, 9.229167273000586, 61.793600859126016, 3.9633958389672586, 36.25, 51.10050094413194, 50.23611111111111, 43.902777777777764, 0.26679684322636865, 0.0, 0.0, 0.0, 0.0, 0.0]
	usedVehicles=6
	currentTime=[65.69444444444444, 54.041666666666664, 0.0, 51.54494538857638, 61.793600859126016, 59.388888888888886]
	currentQuantity=[[18.0, 18.0], [20.0, 20.0], [19.0, 19.0], [20.0, 20.0], [17.0, 17.0], [12.0, 12.0]]
	total_tour_length=10.700821482319181
	costObjectives=[10.700821482319181, 0.9747570090792947]
}

43:

Ant{
	tours=[[-1, 7, 8, 11, 13, 12, 51, 48, 10, 14, 40, -1], [-1, 39, 38, 29, 30, 31, 36, 44, 41, 43, 46, 27, -1], [-1, 21, 20, 19, 28, 23, 45, 15, 18, 17, 37, 16, -1], [-1, 26, 0, 35, 34, 53, 33, 3, 56, 55, 1, -1], [-1, 9, 47, 42, 6, 5, 4, 50, 2, 32, 52, -1], [-1, 58, 54, 49, 22, 25, 57, 24, -1]]
	tour_lengths=[1.7161222246630623, 2.30363564258852, 1.8953885586198949, 1.4423339205583379, 2.0144625023801397, 1.3288786335092253]
	beginService=[0.0, 1.0946026152894708, 51.54494538857638, 60.2035152439415, 43.20833333333333, 46.33333333333333, 45.875, 39.64163943093313, 0.1416394309331329, 5.25, 0.21960261528947078, 36.31944444444444, 5.917052171907222, 8.168039224849798, 7.236496616351666, 45.875, 16.159880198899664, 29.041666666666664, 17.219203232285164, 16.721551122634533, 7.680555555555555, 2.833333333333333, 0.4869041150821696, 42.95833333333333, 13.833333333333332, 59.388888888888886, 43.41666666666666, 0.21960261528947078, 54.041666666666664, 8.470934001307603, 6.939264637658177, 7.425375748769288, 8.773585023934086, 61.32685709141124, 38.43055555555555, 2.638601883312613, 1.7163362689038237, 9.676362801711864, 17.66364767672961, 6.152777777777778, 0.268238998830944, 65.69444444444444, 12.183239156822475, 38.666666666666664, 12.69811509865394, 11.280461379044697, 15.598209275164796, 38.666666666666664, 0.9468342788311082, 21.11111111111111, 37.864566798566855, 59.388888888888886, 9.229167273000586, 61.793600859126016, 3.9633958389672586, 36.25, 51.10050094413194, 50.23611111111111, 43.902777777777764, 0.26679684322636865, 0.0, 0.0, 0.0, 0.0, 0.0]
	usedVehicles=6
	currentTime=[65.69444444444444, 54.041666666666664, 0.0, 51.54494538857638, 61.793600859126016, 59.388888888888886]
	currentQuantity=[[18.0, 18.0], [20.0, 20.0], [19.0, 19.0], [20.0, 20.0], [17.0, 17.0], [12.0, 12.0]]
	total_tour_length=10.700821482319181
	costObjectives=[10.700821482319181, 0.9747570090792947]
}

44:

Ant{
	tours=[[-1, 7, 8, 11, 13, 12, 51, 48, 10, 14, 40, -1], [-1, 39, 38, 29, 30, 31, 36, 44, 41, 43, 46, 27, -1], [-1, 21, 20, 19, 28, 23, 45, 15, 18, 17, 37, 16, -1], [-1, 26, 0, 35, 34, 53, 33, 3, 56, 55, 1, -1], [-1, 9, 47, 42, 6, 5, 4, 50, 2, 32, 52, -1], [-1, 58, 54, 49, 22, 25, 57, 24, -1]]
	tour_lengths=[1.7161222246630623, 2.30363564258852, 1.8953885586198949, 1.4423339205583379, 2.0144625023801397, 1.3288786335092253]
	beginService=[0.0, 1.0946026152894708, 51.54494538857638, 60.2035152439415, 43.20833333333333, 46.33333333333333, 45.875, 39.64163943093313, 0.1416394309331329, 5.25, 0.21960261528947078, 36.31944444444444, 5.917052171907222, 8.168039224849798, 7.236496616351666, 45.875, 16.159880198899664, 29.041666666666664, 17.219203232285164, 16.721551122634533, 7.680555555555555, 2.833333333333333, 0.4869041150821696, 42.95833333333333, 13.833333333333332, 59.388888888888886, 43.41666666666666, 0.21960261528947078, 54.041666666666664, 8.470934001307603, 6.939264637658177, 7.425375748769288, 8.773585023934086, 61.32685709141124, 38.43055555555555, 2.638601883312613, 1.7163362689038237, 9.676362801711864, 17.66364767672961, 6.152777777777778, 0.268238998830944, 65.69444444444444, 12.183239156822475, 38.666666666666664, 12.69811509865394, 11.280461379044697, 15.598209275164796, 38.666666666666664, 0.9468342788311082, 21.11111111111111, 37.864566798566855, 59.388888888888886, 9.229167273000586, 61.793600859126016, 3.9633958389672586, 36.25, 51.10050094413194, 50.23611111111111, 43.902777777777764, 0.26679684322636865, 0.0, 0.0, 0.0, 0.0, 0.0]
	usedVehicles=6
	currentTime=[65.69444444444444, 54.041666666666664, 0.0, 51.54494538857638, 61.793600859126016, 59.388888888888886]
	currentQuantity=[[18.0, 18.0], [20.0, 20.0], [19.0, 19.0], [20.0, 20.0], [17.0, 17.0], [12.0, 12.0]]
	total_tour_length=10.700821482319181
	costObjectives=[10.700821482319181, 0.9747570090792947]
}

45:

Ant{
	tours=[[-1, 7, 8, 11, 13, 12, 51, 48, 10, 14, 40, -1], [-1, 39, 38, 29, 30, 31, 36, 44, 41, 43, 46, 27, -1], [-1, 21, 20, 19, 28, 23, 45, 15, 18, 17, 37, 16, -1], [-1, 26, 0, 35, 34, 53, 33, 3, 56, 55, 1, -1], [-1, 9, 47, 42, 6, 5, 4, 50, 2, 32, 52, -1], [-1, 58, 54, 49, 22, 25, 57, 24, -1]]
	tour_lengths=[1.7161222246630623, 2.30363564258852, 1.8953885586198949, 1.4423339205583379, 2.0144625023801397, 1.3288786335092253]
	beginService=[0.0, 1.0946026152894708, 51.54494538857638, 60.2035152439415, 43.20833333333333, 46.33333333333333, 45.875, 39.64163943093313, 0.1416394309331329, 5.25, 0.21960261528947078, 36.31944444444444, 5.917052171907222, 8.168039224849798, 7.236496616351666, 45.875, 16.159880198899664, 29.041666666666664, 17.219203232285164, 16.721551122634533, 7.680555555555555, 2.833333333333333, 0.4869041150821696, 42.95833333333333, 13.833333333333332, 59.388888888888886, 43.41666666666666, 0.21960261528947078, 54.041666666666664, 8.470934001307603, 6.939264637658177, 7.425375748769288, 8.773585023934086, 61.32685709141124, 38.43055555555555, 2.638601883312613, 1.7163362689038237, 9.676362801711864, 17.66364767672961, 6.152777777777778, 0.268238998830944, 65.69444444444444, 12.183239156822475, 38.666666666666664, 12.69811509865394, 11.280461379044697, 15.598209275164796, 38.666666666666664, 0.9468342788311082, 21.11111111111111, 37.864566798566855, 59.388888888888886, 9.229167273000586, 61.793600859126016, 3.9633958389672586, 36.25, 51.10050094413194, 50.23611111111111, 43.902777777777764, 0.26679684322636865, 0.0, 0.0, 0.0, 0.0, 0.0]
	usedVehicles=6
	currentTime=[65.69444444444444, 54.041666666666664, 0.0, 51.54494538857638, 61.793600859126016, 59.388888888888886]
	currentQuantity=[[18.0, 18.0], [20.0, 20.0], [19.0, 19.0], [20.0, 20.0], [17.0, 17.0], [12.0, 12.0]]
	total_tour_length=10.700821482319181
	costObjectives=[10.700821482319181, 0.9747570090792947]
}

46:

Ant{
	tours=[[-1, 7, 8, 11, 13, 12, 51, 48, 10, 14, 40, -1], [-1, 39, 38, 29, 30, 31, 36, 44, 41, 43, 46, 27, -1], [-1, 21, 20, 19, 28, 23, 45, 15, 18, 17, 37, 16, -1], [-1, 26, 0, 35, 34, 53, 33, 3, 56, 55, 1, -1], [-1, 9, 47, 42, 6, 5, 4, 50, 2, 32, 52, -1], [-1, 58, 54, 49, 22, 25, 57, 24, -1]]
	tour_lengths=[1.7161222246630623, 2.30363564258852, 1.8953885586198949, 1.4423339205583379, 2.0144625023801397, 1.3288786335092253]
	beginService=[0.0, 1.0946026152894708, 51.54494538857638, 60.2035152439415, 43.20833333333333, 46.33333333333333, 45.875, 39.64163943093313, 0.1416394309331329, 5.25, 0.21960261528947078, 36.31944444444444, 5.917052171907222, 8.168039224849798, 7.236496616351666, 45.875, 16.159880198899664, 29.041666666666664, 17.219203232285164, 16.721551122634533, 7.680555555555555, 2.833333333333333, 0.4869041150821696, 42.95833333333333, 13.833333333333332, 59.388888888888886, 43.41666666666666, 0.21960261528947078, 54.041666666666664, 8.470934001307603, 6.939264637658177, 7.425375748769288, 8.773585023934086, 61.32685709141124, 38.43055555555555, 2.638601883312613, 1.7163362689038237, 9.676362801711864, 17.66364767672961, 6.152777777777778, 0.268238998830944, 65.69444444444444, 12.183239156822475, 38.666666666666664, 12.69811509865394, 11.280461379044697, 15.598209275164796, 38.666666666666664, 0.9468342788311082, 21.11111111111111, 37.864566798566855, 59.388888888888886, 9.229167273000586, 61.793600859126016, 3.9633958389672586, 36.25, 51.10050094413194, 50.23611111111111, 43.902777777777764, 0.26679684322636865, 0.0, 0.0, 0.0, 0.0, 0.0]
	usedVehicles=6
	currentTime=[65.69444444444444, 54.041666666666664, 0.0, 51.54494538857638, 61.793600859126016, 59.388888888888886]
	currentQuantity=[[18.0, 18.0], [20.0, 20.0], [19.0, 19.0], [20.0, 20.0], [17.0, 17.0], [12.0, 12.0]]
	total_tour_length=10.700821482319181
	costObjectives=[10.700821482319181, 0.9747570090792947]
}

47:

Ant{
	tours=[[-1, 7, 8, 11, 13, 12, 51, 48, 10, 14, 40, -1], [-1, 39, 38, 29, 30, 31, 36, 44, 41, 43, 46, 27, -1], [-1, 21, 20, 19, 28, 23, 45, 15, 18, 17, 37, 16, -1], [-1, 26, 0, 35, 34, 53, 33, 3, 56, 55, 1, -1], [-1, 9, 47, 42, 6, 5, 4, 50, 2, 32, 52, -1], [-1, 58, 54, 49, 22, 25, 57, 24, -1]]
	tour_lengths=[1.7161222246630623, 2.30363564258852, 1.8953885586198949, 1.4423339205583379, 2.0144625023801397, 1.3288786335092253]
	beginService=[0.0, 1.0946026152894708, 51.54494538857638, 60.2035152439415, 43.20833333333333, 46.33333333333333, 45.875, 39.64163943093313, 0.1416394309331329, 5.25, 0.21960261528947078, 36.31944444444444, 5.917052171907222, 8.168039224849798, 7.236496616351666, 45.875, 16.159880198899664, 29.041666666666664, 17.219203232285164, 16.721551122634533, 7.680555555555555, 2.833333333333333, 0.4869041150821696, 42.95833333333333, 13.833333333333332, 59.388888888888886, 43.41666666666666, 0.21960261528947078, 54.041666666666664, 8.470934001307603, 6.939264637658177, 7.425375748769288, 8.773585023934086, 61.32685709141124, 38.43055555555555, 2.638601883312613, 1.7163362689038237, 9.676362801711864, 17.66364767672961, 6.152777777777778, 0.268238998830944, 65.69444444444444, 12.183239156822475, 38.666666666666664, 12.69811509865394, 11.280461379044697, 15.598209275164796, 38.666666666666664, 0.9468342788311082, 21.11111111111111, 37.864566798566855, 59.388888888888886, 9.229167273000586, 61.793600859126016, 3.9633958389672586, 36.25, 51.10050094413194, 50.23611111111111, 43.902777777777764, 0.26679684322636865, 0.0, 0.0, 0.0, 0.0, 0.0]
	usedVehicles=6
	currentTime=[65.69444444444444, 54.041666666666664, 0.0, 51.54494538857638, 61.793600859126016, 59.388888888888886]
	currentQuantity=[[18.0, 18.0], [20.0, 20.0], [19.0, 19.0], [20.0, 20.0], [17.0, 17.0], [12.0, 12.0]]
	total_tour_length=10.700821482319181
	costObjectives=[10.700821482319181, 0.9747570090792947]
}

48:

Ant{
	tours=[[-1, 7, 8, 11, 13, 12, 51, 48, 10, 14, 40, -1], [-1, 39, 38, 29, 30, 31, 36, 44, 41, 43, 46, 27, -1], [-1, 21, 20, 19, 28, 23, 45, 15, 18, 17, 37, 16, -1], [-1, 26, 0, 35, 34, 53, 33, 3, 56, 55, 1, -1], [-1, 9, 47, 42, 6, 5, 4, 50, 2, 32, 52, -1], [-1, 58, 54, 49, 22, 25, 57, 24, -1]]
	tour_lengths=[1.7161222246630623, 2.30363564258852, 1.8953885586198949, 1.4423339205583379, 2.0144625023801397, 1.3288786335092253]
	beginService=[0.0, 1.0946026152894708, 51.54494538857638, 60.2035152439415, 43.20833333333333, 46.33333333333333, 45.875, 39.64163943093313, 0.1416394309331329, 5.25, 0.21960261528947078, 36.31944444444444, 5.917052171907222, 8.168039224849798, 7.236496616351666, 45.875, 16.159880198899664, 29.041666666666664, 17.219203232285164, 16.721551122634533, 7.680555555555555, 2.833333333333333, 0.4869041150821696, 42.95833333333333, 13.833333333333332, 59.388888888888886, 43.41666666666666, 0.21960261528947078, 54.041666666666664, 8.470934001307603, 6.939264637658177, 7.425375748769288, 8.773585023934086, 61.32685709141124, 38.43055555555555, 2.638601883312613, 1.7163362689038237, 9.676362801711864, 17.66364767672961, 6.152777777777778, 0.268238998830944, 65.69444444444444, 12.183239156822475, 38.666666666666664, 12.69811509865394, 11.280461379044697, 15.598209275164796, 38.666666666666664, 0.9468342788311082, 21.11111111111111, 37.864566798566855, 59.388888888888886, 9.229167273000586, 61.793600859126016, 3.9633958389672586, 36.25, 51.10050094413194, 50.23611111111111, 43.902777777777764, 0.26679684322636865, 0.0, 0.0, 0.0, 0.0, 0.0]
	usedVehicles=6
	currentTime=[65.69444444444444, 54.041666666666664, 0.0, 51.54494538857638, 61.793600859126016, 59.388888888888886]
	currentQuantity=[[18.0, 18.0], [20.0, 20.0], [19.0, 19.0], [20.0, 20.0], [17.0, 17.0], [12.0, 12.0]]
	total_tour_length=10.700821482319181
	costObjectives=[10.700821482319181, 0.9747570090792947]
}

49:

Ant{
	tours=[[-1, 7, 8, 11, 13, 12, 51, 48, 10, 14, 40, -1], [-1, 39, 38, 29, 30, 31, 36, 44, 41, 43, 46, 27, -1], [-1, 21, 20, 19, 28, 23, 45, 15, 18, 17, 37, 16, -1], [-1, 26, 0, 35, 34, 53, 33, 3, 56, 55, 1, -1], [-1, 9, 47, 42, 6, 5, 4, 50, 2, 32, 52, -1], [-1, 58, 54, 49, 22, 25, 57, 24, -1]]
	tour_lengths=[1.7161222246630623, 2.30363564258852, 1.8953885586198949, 1.4423339205583379, 2.0144625023801397, 1.3288786335092253]
	beginService=[0.0, 1.0946026152894708, 51.54494538857638, 60.2035152439415, 43.20833333333333, 46.33333333333333, 45.875, 39.64163943093313, 0.1416394309331329, 5.25, 0.21960261528947078, 36.31944444444444, 5.917052171907222, 8.168039224849798, 7.236496616351666, 45.875, 16.159880198899664, 29.041666666666664, 17.219203232285164, 16.721551122634533, 7.680555555555555, 2.833333333333333, 0.4869041150821696, 42.95833333333333, 13.833333333333332, 59.388888888888886, 43.41666666666666, 0.21960261528947078, 54.041666666666664, 8.470934001307603, 6.939264637658177, 7.425375748769288, 8.773585023934086, 61.32685709141124, 38.43055555555555, 2.638601883312613, 1.7163362689038237, 9.676362801711864, 17.66364767672961, 6.152777777777778, 0.268238998830944, 65.69444444444444, 12.183239156822475, 38.666666666666664, 12.69811509865394, 11.280461379044697, 15.598209275164796, 38.666666666666664, 0.9468342788311082, 21.11111111111111, 37.864566798566855, 59.388888888888886, 9.229167273000586, 61.793600859126016, 3.9633958389672586, 36.25, 51.10050094413194, 50.23611111111111, 43.902777777777764, 0.26679684322636865, 0.0, 0.0, 0.0, 0.0, 0.0]
	usedVehicles=6
	currentTime=[65.69444444444444, 54.041666666666664, 0.0, 51.54494538857638, 61.793600859126016, 59.388888888888886]
	currentQuantity=[[18.0, 18.0], [20.0, 20.0], [19.0, 19.0], [20.0, 20.0], [17.0, 17.0], [12.0, 12.0]]
	total_tour_length=10.700821482319181
	costObjectives=[10.700821482319181, 0.9747570090792947]
}

50:

Ant{
	tours=[[-1, 7, 8, 11, 13, 12, 51, 48, 10, 14, 40, -1], [-1, 39, 38, 29, 30, 31, 36, 44, 41, 43, 46, 27, -1], [-1, 21, 20, 19, 28, 23, 45, 15, 18, 17, 37, 16, -1], [-1, 26, 0, 35, 34, 53, 33, 3, 56, 55, 1, -1], [-1, 9, 47, 42, 6, 5, 4, 50, 2, 32, 52, -1], [-1, 58, 54, 49, 22, 25, 57, 24, -1]]
	tour_lengths=[1.7161222246630623, 2.30363564258852, 1.8953885586198949, 1.4423339205583379, 2.0144625023801397, 1.3288786335092253]
	beginService=[0.0, 1.0946026152894708, 51.54494538857638, 60.2035152439415, 43.20833333333333, 46.33333333333333, 45.875, 39.64163943093313, 0.1416394309331329, 5.25, 0.21960261528947078, 36.31944444444444, 5.917052171907222, 8.168039224849798, 7.236496616351666, 45.875, 16.159880198899664, 29.041666666666664, 17.219203232285164, 16.721551122634533, 7.680555555555555, 2.833333333333333, 0.4869041150821696, 42.95833333333333, 13.833333333333332, 59.388888888888886, 43.41666666666666, 0.21960261528947078, 54.041666666666664, 8.470934001307603, 6.939264637658177, 7.425375748769288, 8.773585023934086, 61.32685709141124, 38.43055555555555, 2.638601883312613, 1.7163362689038237, 9.676362801711864, 17.66364767672961, 6.152777777777778, 0.268238998830944, 65.69444444444444, 12.183239156822475, 38.666666666666664, 12.69811509865394, 11.280461379044697, 15.598209275164796, 38.666666666666664, 0.9468342788311082, 21.11111111111111, 37.864566798566855, 59.388888888888886, 9.229167273000586, 61.793600859126016, 3.9633958389672586, 36.25, 51.10050094413194, 50.23611111111111, 43.902777777777764, 0.26679684322636865, 0.0, 0.0, 0.0, 0.0, 0.0]
	usedVehicles=6
	currentTime=[65.69444444444444, 54.041666666666664, 0.0, 51.54494538857638, 61.793600859126016, 59.388888888888886]
	currentQuantity=[[18.0, 18.0], [20.0, 20.0], [19.0, 19.0], [20.0, 20.0], [17.0, 17.0], [12.0, 12.0]]
	total_tour_length=10.700821482319181
	costObjectives=[10.700821482319181, 0.9747570090792947]
}

51:

Ant{
	tours=[[-1, 7, 8, 11, 13, 12, 51, 48, 10, 14, 40, -1], [-1, 39, 38, 29, 30, 31, 36, 44, 41, 43, 46, 27, -1], [-1, 21, 20, 19, 28, 23, 45, 15, 18, 17, 37, 16, -1], [-1, 26, 0, 35, 34, 53, 33, 3, 56, 55, 1, -1], [-1, 9, 47, 42, 6, 5, 4, 50, 2, 32, 52, -1], [-1, 58, 54, 49, 22, 25, 57, 24, -1]]
	tour_lengths=[1.7161222246630623, 2.30363564258852, 1.8953885586198949, 1.4423339205583379, 2.0144625023801397, 1.3288786335092253]
	beginService=[0.0, 1.0946026152894708, 51.54494538857638, 60.2035152439415, 43.20833333333333, 46.33333333333333, 45.875, 39.64163943093313, 0.1416394309331329, 5.25, 0.21960261528947078, 36.31944444444444, 5.917052171907222, 8.168039224849798, 7.236496616351666, 45.875, 16.159880198899664, 29.041666666666664, 17.219203232285164, 16.721551122634533, 7.680555555555555, 2.833333333333333, 0.4869041150821696, 42.95833333333333, 13.833333333333332, 59.388888888888886, 43.41666666666666, 0.21960261528947078, 54.041666666666664, 8.470934001307603, 6.939264637658177, 7.425375748769288, 8.773585023934086, 61.32685709141124, 38.43055555555555, 2.638601883312613, 1.7163362689038237, 9.676362801711864, 17.66364767672961, 6.152777777777778, 0.268238998830944, 65.69444444444444, 12.183239156822475, 38.666666666666664, 12.69811509865394, 11.280461379044697, 15.598209275164796, 38.666666666666664, 0.9468342788311082, 21.11111111111111, 37.864566798566855, 59.388888888888886, 9.229167273000586, 61.793600859126016, 3.9633958389672586, 36.25, 51.10050094413194, 50.23611111111111, 43.902777777777764, 0.26679684322636865, 0.0, 0.0, 0.0, 0.0, 0.0]
	usedVehicles=6
	currentTime=[65.69444444444444, 54.041666666666664, 0.0, 51.54494538857638, 61.793600859126016, 59.388888888888886]
	currentQuantity=[[18.0, 18.0], [20.0, 20.0], [19.0, 19.0], [20.0, 20.0], [17.0, 17.0], [12.0, 12.0]]
	total_tour_length=10.700821482319181
	costObjectives=[10.700821482319181, 0.9747570090792947]
}

