1:

Ant{
	tours=[[-1, 23, 15, 16, 17, 18, 12, 14, 13, -1], [-1, 7, 8, 11, 10, 9, 2, 1, 26, 32, 30, 29, 27, -1], [-1, 21, 20, 31, 28, 19, 25, 22, 24, -1], [-1, 0, 35, 34, 33, 4, 6, 5, 3, -1]]
	tour_lengths=[1.6247312768509414, 2.650690453553561, 2.877104157847294, 1.870998671201167]
	beginService=[0.0, 0.25946585683707507, 38.34168160052414, 37.480570489413026, 46.596273780548074, 40.65277777777777, 45.875, 41.55555555555555, 0.1416394309331329, 5.25, 36.80555555555555, 36.31944444444444, 5.917052171907222, 30.702139372474466, 46.783127288987984, 45.875, 15.736111111111109, 29.041666666666664, 29.51388888888889, 30.01154099853952, 10.009831861846935, 2.833333333333333, 0.4869041150821696, 42.95833333333333, 13.833333333333332, 59.388888888888886, 10.684846795704411, 38.8022687902487, 54.041666666666664, 8.101170433992525, 41.721914797724736, 40.38298251664928, 6.875, 39.8552047388715, 38.43055555555555, 1.8034651248602172, 0.8811995104514277, 0.0, 0.0, 0.0, 0.0, 0.0, 0.0, 0.0, 0.0, 0.0, 0.0, 0.0, 0.0, 0.0, 0.0, 0.0, 0.0, 0.0, 0.0, 0.0, 0.0, 0.0, 0.0, 0.0, 0.0, 0.0, 0.0, 0.0, 0.0]
	usedVehicles=4
	currentTime=[0.0, 54.041666666666664, 59.388888888888886, 46.596273780548074]
	currentQuantity=[14.0, 19.0, 14.0, 18.0]
	total_tour_length=9.023524559452959
	costObjectives=[9.023524559452959, 1.2523728809963526]
}

2:

Ant{
	tours=[[-1, 23, 15, 16, 17, 18, 12, 14, 13, -1], [-1, 7, 8, 11, 10, 9, 2, 1, 26, 32, 30, 29, 27, -1], [-1, 21, 20, 31, 28, 19, 25, 22, 24, -1], [-1, 0, 35, 34, 33, 4, 6, 5, 3, -1]]
	tour_lengths=[1.6247312768509414, 2.650690453553561, 2.877104157847294, 1.870998671201167]
	beginService=[0.0, 0.25946585683707507, 38.34168160052414, 37.480570489413026, 46.596273780548074, 40.65277777777777, 45.875, 41.55555555555555, 0.1416394309331329, 5.25, 36.80555555555555, 36.31944444444444, 5.917052171907222, 30.702139372474466, 46.783127288987984, 45.875, 15.736111111111109, 29.041666666666664, 29.51388888888889, 30.01154099853952, 10.009831861846935, 2.833333333333333, 0.4869041150821696, 42.95833333333333, 13.833333333333332, 59.388888888888886, 10.684846795704411, 38.8022687902487, 54.041666666666664, 8.101170433992525, 41.721914797724736, 40.38298251664928, 6.875, 39.8552047388715, 38.43055555555555, 1.8034651248602172, 0.8811995104514277, 0.0, 0.0, 0.0, 0.0, 0.0, 0.0, 0.0, 0.0, 0.0, 0.0, 0.0, 0.0, 0.0, 0.0, 0.0, 0.0, 0.0, 0.0, 0.0, 0.0, 0.0, 0.0, 0.0, 0.0, 0.0, 0.0, 0.0, 0.0]
	usedVehicles=4
	currentTime=[0.0, 54.041666666666664, 59.388888888888886, 46.596273780548074]
	currentQuantity=[14.0, 19.0, 14.0, 18.0]
	total_tour_length=9.023524559452959
	costObjectives=[9.023524559452959, 1.2523728809963526]
}

3:

Ant{
	tours=[[-1, 0, 35, 34, 33, 4, 6, 5, 3, 2, -1], [-1, 8, 11, 15, 16, 22, 24, 17, 18, -1], [-1, 1, 26, 32, 31, 23, 7, 9, 10, 14, 13, 12, -1], [-1, 21, 20, 19, 25, 28, 27, 29, 30, -1]]
	tour_lengths=[1.8761706811005814, 1.8045315622227647, 2.298355221093586, 2.232244819701231]
	beginService=[0.0, 0.25946585683707507, 0.22395160411940412, 47.075053446589735, 46.596273780548074, 40.65277777777777, 45.875, 41.55555555555555, 15.823941771935848, 5.25, 16.738260548253145, 36.31944444444444, 5.917052171907222, 47.72493631226447, 46.783127288987984, 45.875, 13.430555555555555, 29.041666666666664, 60.041666666666664, 60.539318776317295, 7.680555555555555, 2.833333333333333, 0.4869041150821696, 42.95833333333333, 13.833333333333332, 59.388888888888886, 8.355570489413031, 0.684538793843965, 54.041666666666664, 9.222074232210298, 54.863260548253145, 55.36885949599527, 6.875, 1.737474742466769, 38.43055555555555, 1.8034651248602172, 0.8811995104514277, 0.0, 0.0, 0.0, 0.0, 0.0, 0.0, 0.0, 0.0, 0.0, 0.0, 0.0, 0.0, 0.0, 0.0, 0.0, 0.0, 0.0, 0.0, 0.0, 0.0, 0.0, 0.0, 0.0, 0.0, 0.0, 0.0, 0.0, 0.0]
	usedVehicles=4
	currentTime=[47.075053446589735, 0.0, 47.72493631226447, 0.0]
	currentQuantity=[20.0, 10.0, 20.0, 15.0]
	total_tour_length=8.211302284118162
	costObjectives=[8.211302284118162, 0.49382365887082136]
}

4:

Ant{
	tours=[[-1, 0, 35, 34, 33, 4, 6, 5, 3, 2, -1], [-1, 8, 11, 15, 16, 22, 24, 17, 18, -1], [-1, 1, 26, 32, 31, 23, 7, 9, 10, 14, 13, 12, -1], [-1, 21, 20, 19, 25, 28, 27, 29, 30, -1]]
	tour_lengths=[1.8761706811005814, 1.8045315622227647, 2.298355221093586, 2.232244819701231]
	beginService=[0.0, 0.25946585683707507, 0.22395160411940412, 47.075053446589735, 46.596273780548074, 40.65277777777777, 45.875, 41.55555555555555, 15.823941771935848, 5.25, 16.738260548253145, 36.31944444444444, 5.917052171907222, 47.72493631226447, 46.783127288987984, 45.875, 13.430555555555555, 29.041666666666664, 60.041666666666664, 60.539318776317295, 7.680555555555555, 2.833333333333333, 0.4869041150821696, 42.95833333333333, 13.833333333333332, 59.388888888888886, 8.355570489413031, 0.684538793843965, 54.041666666666664, 9.222074232210298, 54.863260548253145, 55.36885949599527, 6.875, 1.737474742466769, 38.43055555555555, 1.8034651248602172, 0.8811995104514277, 0.0, 0.0, 0.0, 0.0, 0.0, 0.0, 0.0, 0.0, 0.0, 0.0, 0.0, 0.0, 0.0, 0.0, 0.0, 0.0, 0.0, 0.0, 0.0, 0.0, 0.0, 0.0, 0.0, 0.0, 0.0, 0.0, 0.0, 0.0]
	usedVehicles=4
	currentTime=[47.075053446589735, 0.0, 47.72493631226447, 0.0]
	currentQuantity=[20.0, 10.0, 20.0, 15.0]
	total_tour_length=8.211302284118162
	costObjectives=[8.211302284118162, 0.49382365887082136]
}

5:

Ant{
	tours=[[-1, 0, 35, 34, 33, 4, 6, 5, 3, 2, -1], [-1, 8, 11, 15, 16, 22, 24, 17, 18, -1], [-1, 1, 26, 32, 31, 23, 7, 9, 10, 14, 13, 12, -1], [-1, 21, 20, 19, 25, 28, 27, 29, 30, -1]]
	tour_lengths=[1.8761706811005814, 1.8045315622227647, 2.298355221093586, 2.232244819701231]
	beginService=[0.0, 0.25946585683707507, 0.22395160411940412, 47.075053446589735, 46.596273780548074, 40.65277777777777, 45.875, 41.55555555555555, 15.823941771935848, 5.25, 16.738260548253145, 36.31944444444444, 5.917052171907222, 47.72493631226447, 46.783127288987984, 45.875, 13.430555555555555, 29.041666666666664, 60.041666666666664, 60.539318776317295, 7.680555555555555, 2.833333333333333, 0.4869041150821696, 42.95833333333333, 13.833333333333332, 59.388888888888886, 8.355570489413031, 0.684538793843965, 54.041666666666664, 9.222074232210298, 54.863260548253145, 55.36885949599527, 6.875, 1.737474742466769, 38.43055555555555, 1.8034651248602172, 0.8811995104514277, 0.0, 0.0, 0.0, 0.0, 0.0, 0.0, 0.0, 0.0, 0.0, 0.0, 0.0, 0.0, 0.0, 0.0, 0.0, 0.0, 0.0, 0.0, 0.0, 0.0, 0.0, 0.0, 0.0, 0.0, 0.0, 0.0, 0.0, 0.0]
	usedVehicles=4
	currentTime=[47.075053446589735, 0.0, 47.72493631226447, 0.0]
	currentQuantity=[20.0, 10.0, 20.0, 15.0]
	total_tour_length=8.211302284118162
	costObjectives=[8.211302284118162, 0.49382365887082136]
}

6:

Ant{
	tours=[[-1, 0, 35, 34, 33, 4, 6, 5, 3, 2, -1], [-1, 8, 11, 15, 16, 22, 24, 17, 18, -1], [-1, 1, 26, 32, 31, 23, 7, 9, 10, 14, 13, 12, -1], [-1, 21, 20, 19, 25, 28, 27, 29, 30, -1]]
	tour_lengths=[1.8761706811005814, 1.8045315622227647, 2.298355221093586, 2.232244819701231]
	beginService=[0.0, 0.25946585683707507, 0.22395160411940412, 47.075053446589735, 46.596273780548074, 40.65277777777777, 45.875, 41.55555555555555, 15.823941771935848, 5.25, 16.738260548253145, 36.31944444444444, 5.917052171907222, 47.72493631226447, 46.783127288987984, 45.875, 13.430555555555555, 29.041666666666664, 60.041666666666664, 60.539318776317295, 7.680555555555555, 2.833333333333333, 0.4869041150821696, 42.95833333333333, 13.833333333333332, 59.388888888888886, 8.355570489413031, 0.684538793843965, 54.041666666666664, 9.222074232210298, 54.863260548253145, 55.36885949599527, 6.875, 1.737474742466769, 38.43055555555555, 1.8034651248602172, 0.8811995104514277, 0.0, 0.0, 0.0, 0.0, 0.0, 0.0, 0.0, 0.0, 0.0, 0.0, 0.0, 0.0, 0.0, 0.0, 0.0, 0.0, 0.0, 0.0, 0.0, 0.0, 0.0, 0.0, 0.0, 0.0, 0.0, 0.0, 0.0, 0.0]
	usedVehicles=4
	currentTime=[47.075053446589735, 0.0, 47.72493631226447, 0.0]
	currentQuantity=[20.0, 10.0, 20.0, 15.0]
	total_tour_length=8.211302284118162
	costObjectives=[8.211302284118162, 0.49382365887082136]
}

7:

Ant{
	tours=[[-1, 0, 35, 34, 33, 4, 6, 5, 3, 2, -1], [-1, 8, 11, 15, 16, 22, 24, 17, 18, -1], [-1, 1, 26, 32, 31, 23, 7, 9, 10, 14, 13, 12, -1], [-1, 21, 20, 19, 25, 28, 27, 29, 30, -1]]
	tour_lengths=[1.8761706811005814, 1.8045315622227647, 2.298355221093586, 2.232244819701231]
	beginService=[0.0, 0.25946585683707507, 0.22395160411940412, 47.075053446589735, 46.596273780548074, 40.65277777777777, 45.875, 41.55555555555555, 15.823941771935848, 5.25, 16.738260548253145, 36.31944444444444, 5.917052171907222, 47.72493631226447, 46.783127288987984, 45.875, 13.430555555555555, 29.041666666666664, 60.041666666666664, 60.539318776317295, 7.680555555555555, 2.833333333333333, 0.4869041150821696, 42.95833333333333, 13.833333333333332, 59.388888888888886, 8.355570489413031, 0.684538793843965, 54.041666666666664, 9.222074232210298, 54.863260548253145, 55.36885949599527, 6.875, 1.737474742466769, 38.43055555555555, 1.8034651248602172, 0.8811995104514277, 0.0, 0.0, 0.0, 0.0, 0.0, 0.0, 0.0, 0.0, 0.0, 0.0, 0.0, 0.0, 0.0, 0.0, 0.0, 0.0, 0.0, 0.0, 0.0, 0.0, 0.0, 0.0, 0.0, 0.0, 0.0, 0.0, 0.0, 0.0]
	usedVehicles=4
	currentTime=[47.075053446589735, 0.0, 47.72493631226447, 0.0]
	currentQuantity=[20.0, 10.0, 20.0, 15.0]
	total_tour_length=8.211302284118162
	costObjectives=[8.211302284118162, 0.49382365887082136]
}

8:

Ant{
	tours=[[-1, 0, 35, 34, 33, 4, 6, 5, 3, 2, -1], [-1, 8, 11, 15, 16, 22, 24, 17, 18, -1], [-1, 1, 26, 32, 31, 23, 7, 9, 10, 14, 13, 12, -1], [-1, 21, 20, 19, 25, 28, 27, 29, 30, -1]]
	tour_lengths=[1.8761706811005814, 1.8045315622227647, 2.298355221093586, 2.232244819701231]
	beginService=[0.0, 0.25946585683707507, 0.22395160411940412, 47.075053446589735, 46.596273780548074, 40.65277777777777, 45.875, 41.55555555555555, 15.823941771935848, 5.25, 16.738260548253145, 36.31944444444444, 5.917052171907222, 47.72493631226447, 46.783127288987984, 45.875, 13.430555555555555, 29.041666666666664, 60.041666666666664, 60.539318776317295, 7.680555555555555, 2.833333333333333, 0.4869041150821696, 42.95833333333333, 13.833333333333332, 59.388888888888886, 8.355570489413031, 0.684538793843965, 54.041666666666664, 9.222074232210298, 54.863260548253145, 55.36885949599527, 6.875, 1.737474742466769, 38.43055555555555, 1.8034651248602172, 0.8811995104514277, 0.0, 0.0, 0.0, 0.0, 0.0, 0.0, 0.0, 0.0, 0.0, 0.0, 0.0, 0.0, 0.0, 0.0, 0.0, 0.0, 0.0, 0.0, 0.0, 0.0, 0.0, 0.0, 0.0, 0.0, 0.0, 0.0, 0.0, 0.0]
	usedVehicles=4
	currentTime=[47.075053446589735, 0.0, 47.72493631226447, 0.0]
	currentQuantity=[20.0, 10.0, 20.0, 15.0]
	total_tour_length=8.211302284118162
	costObjectives=[8.211302284118162, 0.49382365887082136]
}

9:

Ant{
	tours=[[-1, 0, 35, 34, 33, 4, 6, 5, 3, 2, -1], [-1, 8, 11, 15, 16, 22, 24, 17, 18, -1], [-1, 1, 26, 32, 31, 23, 7, 9, 10, 14, 13, 12, -1], [-1, 21, 20, 19, 25, 28, 27, 29, 30, -1]]
	tour_lengths=[1.8761706811005814, 1.8045315622227647, 2.298355221093586, 2.232244819701231]
	beginService=[0.0, 0.25946585683707507, 0.22395160411940412, 47.075053446589735, 46.596273780548074, 40.65277777777777, 45.875, 41.55555555555555, 15.823941771935848, 5.25, 16.738260548253145, 36.31944444444444, 5.917052171907222, 47.72493631226447, 46.783127288987984, 45.875, 13.430555555555555, 29.041666666666664, 60.041666666666664, 60.539318776317295, 7.680555555555555, 2.833333333333333, 0.4869041150821696, 42.95833333333333, 13.833333333333332, 59.388888888888886, 8.355570489413031, 0.684538793843965, 54.041666666666664, 9.222074232210298, 54.863260548253145, 55.36885949599527, 6.875, 1.737474742466769, 38.43055555555555, 1.8034651248602172, 0.8811995104514277, 0.0, 0.0, 0.0, 0.0, 0.0, 0.0, 0.0, 0.0, 0.0, 0.0, 0.0, 0.0, 0.0, 0.0, 0.0, 0.0, 0.0, 0.0, 0.0, 0.0, 0.0, 0.0, 0.0, 0.0, 0.0, 0.0, 0.0, 0.0]
	usedVehicles=4
	currentTime=[47.075053446589735, 0.0, 47.72493631226447, 0.0]
	currentQuantity=[20.0, 10.0, 20.0, 15.0]
	total_tour_length=8.211302284118162
	costObjectives=[8.211302284118162, 0.49382365887082136]
}

10:

Ant{
	tours=[[-1, 0, 35, 34, 33, 4, 6, 5, 3, 2, -1], [-1, 8, 11, 15, 16, 22, 24, 17, 18, -1], [-1, 1, 26, 32, 31, 23, 7, 9, 10, 14, 13, 12, -1], [-1, 21, 20, 19, 25, 28, 27, 29, 30, -1]]
	tour_lengths=[1.8761706811005814, 1.8045315622227647, 2.298355221093586, 2.232244819701231]
	beginService=[0.0, 0.25946585683707507, 0.22395160411940412, 47.075053446589735, 46.596273780548074, 40.65277777777777, 45.875, 41.55555555555555, 15.823941771935848, 5.25, 16.738260548253145, 36.31944444444444, 5.917052171907222, 47.72493631226447, 46.783127288987984, 45.875, 13.430555555555555, 29.041666666666664, 60.041666666666664, 60.539318776317295, 7.680555555555555, 2.833333333333333, 0.4869041150821696, 42.95833333333333, 13.833333333333332, 59.388888888888886, 8.355570489413031, 0.684538793843965, 54.041666666666664, 9.222074232210298, 54.863260548253145, 55.36885949599527, 6.875, 1.737474742466769, 38.43055555555555, 1.8034651248602172, 0.8811995104514277, 0.0, 0.0, 0.0, 0.0, 0.0, 0.0, 0.0, 0.0, 0.0, 0.0, 0.0, 0.0, 0.0, 0.0, 0.0, 0.0, 0.0, 0.0, 0.0, 0.0, 0.0, 0.0, 0.0, 0.0, 0.0, 0.0, 0.0, 0.0]
	usedVehicles=4
	currentTime=[47.075053446589735, 0.0, 47.72493631226447, 0.0]
	currentQuantity=[20.0, 10.0, 20.0, 15.0]
	total_tour_length=8.211302284118162
	costObjectives=[8.211302284118162, 0.49382365887082136]
}

11:

Ant{
	tours=[[-1, 0, 35, 34, 33, 4, 6, 5, 3, 2, -1], [-1, 8, 11, 15, 16, 22, 24, 17, 18, -1], [-1, 1, 26, 32, 31, 23, 7, 9, 10, 14, 13, 12, -1], [-1, 21, 20, 19, 25, 28, 27, 29, 30, -1]]
	tour_lengths=[1.8761706811005814, 1.8045315622227647, 2.298355221093586, 2.232244819701231]
	beginService=[0.0, 0.25946585683707507, 0.22395160411940412, 47.075053446589735, 46.596273780548074, 40.65277777777777, 45.875, 41.55555555555555, 15.823941771935848, 5.25, 16.738260548253145, 36.31944444444444, 5.917052171907222, 47.72493631226447, 46.783127288987984, 45.875, 13.430555555555555, 29.041666666666664, 60.041666666666664, 60.539318776317295, 7.680555555555555, 2.833333333333333, 0.4869041150821696, 42.95833333333333, 13.833333333333332, 59.388888888888886, 8.355570489413031, 0.684538793843965, 54.041666666666664, 9.222074232210298, 54.863260548253145, 55.36885949599527, 6.875, 1.737474742466769, 38.43055555555555, 1.8034651248602172, 0.8811995104514277, 0.0, 0.0, 0.0, 0.0, 0.0, 0.0, 0.0, 0.0, 0.0, 0.0, 0.0, 0.0, 0.0, 0.0, 0.0, 0.0, 0.0, 0.0, 0.0, 0.0, 0.0, 0.0, 0.0, 0.0, 0.0, 0.0, 0.0, 0.0]
	usedVehicles=4
	currentTime=[47.075053446589735, 0.0, 47.72493631226447, 0.0]
	currentQuantity=[20.0, 10.0, 20.0, 15.0]
	total_tour_length=8.211302284118162
	costObjectives=[8.211302284118162, 0.49382365887082136]
}

12:

Ant{
	tours=[[-1, 7, 8, 9, 10, 14, 13, 12, -1], [-1, 1, 26, 32, 31, 23, 15, 16, 22, 24, 25, 29, 30, -1], [-1, 0, 35, 34, 33, 4, 6, 5, 3, 2, -1], [-1, 11, 18, 17, 21, 20, 19, 28, 27, -1]]
	tour_lengths=[1.2989939940800335, 2.5350542034558092, 1.8761706811005807, 2.488611554775437]
	beginService=[0.0, 0.25946585683707507, 0.22395160411940412, 47.075053446589735, 46.596273780548074, 40.65277777777777, 45.875, 41.55555555555555, 0.1416394309331329, 5.25, 5.736111111111112, 36.31944444444444, 2.5, 47.72493631226447, 46.783127288987984, 45.875, 15.736111111111109, 29.041666666666664, 4.4672547249401005, 3.969602615289471, 7.680555555555555, 5.578751341291767, 5.134306896847322, 42.95833333333333, 13.833333333333332, 59.388888888888886, 59.916666666666664, 0.684538793843965, 54.041666666666664, 8.755883650076631, 60.76945329078076, 61.27505223852288, 6.875, 1.737474742466769, 38.43055555555555, 1.8034651248602172, 0.8811995104514277, 0.0, 0.0, 0.0, 0.0, 0.0, 0.0, 0.0, 0.0, 0.0, 0.0, 0.0, 0.0, 0.0, 0.0, 0.0, 0.0, 0.0, 0.0, 0.0, 0.0, 0.0, 0.0, 0.0, 0.0, 0.0, 0.0, 0.0, 0.0]
	usedVehicles=4
	currentTime=[47.72493631226447, 61.27505223852288, 47.075053446589735, 54.041666666666664]
	currentQuantity=[11.0, 19.0, 20.0, 15.0]
	total_tour_length=8.198830433411858
	costObjectives=[8.198830433411858, 1.2360602093757758]
}

13:

Ant{
	tours=[[-1, 7, 8, 9, 10, 14, 13, 12, -1], [-1, 1, 26, 32, 31, 23, 15, 16, 22, 24, 25, 29, 30, -1], [-1, 0, 35, 34, 33, 4, 6, 5, 3, 2, -1], [-1, 11, 18, 17, 21, 20, 19, 28, 27, -1]]
	tour_lengths=[1.2989939940800335, 2.5350542034558092, 1.8761706811005807, 2.488611554775437]
	beginService=[0.0, 0.25946585683707507, 0.22395160411940412, 47.075053446589735, 46.596273780548074, 40.65277777777777, 45.875, 41.55555555555555, 0.1416394309331329, 5.25, 5.736111111111112, 36.31944444444444, 2.5, 47.72493631226447, 46.783127288987984, 45.875, 15.736111111111109, 29.041666666666664, 4.4672547249401005, 3.969602615289471, 7.680555555555555, 5.578751341291767, 5.134306896847322, 42.95833333333333, 13.833333333333332, 59.388888888888886, 59.916666666666664, 0.684538793843965, 54.041666666666664, 8.755883650076631, 60.76945329078076, 61.27505223852288, 6.875, 1.737474742466769, 38.43055555555555, 1.8034651248602172, 0.8811995104514277, 0.0, 0.0, 0.0, 0.0, 0.0, 0.0, 0.0, 0.0, 0.0, 0.0, 0.0, 0.0, 0.0, 0.0, 0.0, 0.0, 0.0, 0.0, 0.0, 0.0, 0.0, 0.0, 0.0, 0.0, 0.0, 0.0, 0.0, 0.0]
	usedVehicles=4
	currentTime=[47.72493631226447, 61.27505223852288, 47.075053446589735, 54.041666666666664]
	currentQuantity=[11.0, 19.0, 20.0, 15.0]
	total_tour_length=8.198830433411858
	costObjectives=[8.198830433411858, 1.2360602093757758]
}

14:

Ant{
	tours=[[-1, 7, 8, 9, 10, 14, 13, 12, -1], [-1, 1, 26, 32, 31, 23, 15, 16, 22, 24, 25, 29, 30, -1], [-1, 0, 35, 34, 33, 4, 6, 5, 3, 2, -1], [-1, 11, 18, 17, 21, 20, 19, 28, 27, -1]]
	tour_lengths=[1.2989939940800335, 2.5350542034558092, 1.8761706811005807, 2.488611554775437]
	beginService=[0.0, 0.25946585683707507, 0.22395160411940412, 47.075053446589735, 46.596273780548074, 40.65277777777777, 45.875, 41.55555555555555, 0.1416394309331329, 5.25, 5.736111111111112, 36.31944444444444, 2.5, 47.72493631226447, 46.783127288987984, 45.875, 15.736111111111109, 29.041666666666664, 4.4672547249401005, 3.969602615289471, 7.680555555555555, 5.578751341291767, 5.134306896847322, 42.95833333333333, 13.833333333333332, 59.388888888888886, 59.916666666666664, 0.684538793843965, 54.041666666666664, 8.755883650076631, 60.76945329078076, 61.27505223852288, 6.875, 1.737474742466769, 38.43055555555555, 1.8034651248602172, 0.8811995104514277, 0.0, 0.0, 0.0, 0.0, 0.0, 0.0, 0.0, 0.0, 0.0, 0.0, 0.0, 0.0, 0.0, 0.0, 0.0, 0.0, 0.0, 0.0, 0.0, 0.0, 0.0, 0.0, 0.0, 0.0, 0.0, 0.0, 0.0, 0.0]
	usedVehicles=4
	currentTime=[47.72493631226447, 61.27505223852288, 47.075053446589735, 54.041666666666664]
	currentQuantity=[11.0, 19.0, 20.0, 15.0]
	total_tour_length=8.198830433411858
	costObjectives=[8.198830433411858, 1.2360602093757758]
}

15:

Ant{
	tours=[[-1, 7, 8, 9, 10, 14, 13, 12, -1], [-1, 1, 26, 32, 31, 23, 15, 16, 22, 24, 25, 29, 30, -1], [-1, 0, 35, 34, 33, 4, 6, 5, 3, 2, -1], [-1, 11, 18, 17, 21, 20, 19, 28, 27, -1]]
	tour_lengths=[1.2989939940800335, 2.5350542034558092, 1.8761706811005807, 2.488611554775437]
	beginService=[0.0, 0.25946585683707507, 0.22395160411940412, 47.075053446589735, 46.596273780548074, 40.65277777777777, 45.875, 41.55555555555555, 0.1416394309331329, 5.25, 5.736111111111112, 36.31944444444444, 2.5, 47.72493631226447, 46.783127288987984, 45.875, 15.736111111111109, 29.041666666666664, 4.4672547249401005, 3.969602615289471, 7.680555555555555, 5.578751341291767, 5.134306896847322, 42.95833333333333, 13.833333333333332, 59.388888888888886, 59.916666666666664, 0.684538793843965, 54.041666666666664, 8.755883650076631, 60.76945329078076, 61.27505223852288, 6.875, 1.737474742466769, 38.43055555555555, 1.8034651248602172, 0.8811995104514277, 0.0, 0.0, 0.0, 0.0, 0.0, 0.0, 0.0, 0.0, 0.0, 0.0, 0.0, 0.0, 0.0, 0.0, 0.0, 0.0, 0.0, 0.0, 0.0, 0.0, 0.0, 0.0, 0.0, 0.0, 0.0, 0.0, 0.0, 0.0]
	usedVehicles=4
	currentTime=[47.72493631226447, 61.27505223852288, 47.075053446589735, 54.041666666666664]
	currentQuantity=[11.0, 19.0, 20.0, 15.0]
	total_tour_length=8.198830433411858
	costObjectives=[8.198830433411858, 1.2360602093757758]
}

16:

Ant{
	tours=[[-1, 7, 8, 9, 10, 14, 13, 12, -1], [-1, 1, 26, 32, 31, 23, 15, 16, 22, 24, 25, 29, 30, -1], [-1, 0, 35, 34, 33, 4, 6, 5, 3, 2, -1], [-1, 11, 18, 17, 21, 20, 19, 28, 27, -1]]
	tour_lengths=[1.2989939940800335, 2.5350542034558092, 1.8761706811005807, 2.488611554775437]
	beginService=[0.0, 0.25946585683707507, 0.22395160411940412, 47.075053446589735, 46.596273780548074, 40.65277777777777, 45.875, 41.55555555555555, 0.1416394309331329, 5.25, 5.736111111111112, 36.31944444444444, 2.5, 47.72493631226447, 46.783127288987984, 45.875, 15.736111111111109, 29.041666666666664, 4.4672547249401005, 3.969602615289471, 7.680555555555555, 5.578751341291767, 5.134306896847322, 42.95833333333333, 13.833333333333332, 59.388888888888886, 59.916666666666664, 0.684538793843965, 54.041666666666664, 8.755883650076631, 60.76945329078076, 61.27505223852288, 6.875, 1.737474742466769, 38.43055555555555, 1.8034651248602172, 0.8811995104514277, 0.0, 0.0, 0.0, 0.0, 0.0, 0.0, 0.0, 0.0, 0.0, 0.0, 0.0, 0.0, 0.0, 0.0, 0.0, 0.0, 0.0, 0.0, 0.0, 0.0, 0.0, 0.0, 0.0, 0.0, 0.0, 0.0, 0.0, 0.0]
	usedVehicles=4
	currentTime=[47.72493631226447, 61.27505223852288, 47.075053446589735, 54.041666666666664]
	currentQuantity=[11.0, 19.0, 20.0, 15.0]
	total_tour_length=8.198830433411858
	costObjectives=[8.198830433411858, 1.2360602093757758]
}

17:

Ant{
	tours=[[-1, 7, 8, 9, 10, 14, 13, 12, -1], [-1, 1, 26, 32, 31, 23, 15, 16, 22, 24, 25, 29, 30, -1], [-1, 0, 35, 34, 33, 4, 6, 5, 3, 2, -1], [-1, 11, 18, 17, 21, 20, 19, 28, 27, -1]]
	tour_lengths=[1.2989939940800335, 2.5350542034558092, 1.8761706811005807, 2.488611554775437]
	beginService=[0.0, 0.25946585683707507, 0.22395160411940412, 47.075053446589735, 46.596273780548074, 40.65277777777777, 45.875, 41.55555555555555, 0.1416394309331329, 5.25, 5.736111111111112, 36.31944444444444, 2.5, 47.72493631226447, 46.783127288987984, 45.875, 15.736111111111109, 29.041666666666664, 4.4672547249401005, 3.969602615289471, 7.680555555555555, 5.578751341291767, 5.134306896847322, 42.95833333333333, 13.833333333333332, 59.388888888888886, 59.916666666666664, 0.684538793843965, 54.041666666666664, 8.755883650076631, 60.76945329078076, 61.27505223852288, 6.875, 1.737474742466769, 38.43055555555555, 1.8034651248602172, 0.8811995104514277, 0.0, 0.0, 0.0, 0.0, 0.0, 0.0, 0.0, 0.0, 0.0, 0.0, 0.0, 0.0, 0.0, 0.0, 0.0, 0.0, 0.0, 0.0, 0.0, 0.0, 0.0, 0.0, 0.0, 0.0, 0.0, 0.0, 0.0, 0.0]
	usedVehicles=4
	currentTime=[47.72493631226447, 61.27505223852288, 47.075053446589735, 54.041666666666664]
	currentQuantity=[11.0, 19.0, 20.0, 15.0]
	total_tour_length=8.198830433411858
	costObjectives=[8.198830433411858, 1.2360602093757758]
}

18:

Ant{
	tours=[[-1, 7, 8, 9, 10, 14, 13, 12, -1], [-1, 31, 28, 27, 29, 30, 32, 26, 1, -1], [-1, 11, 18, 17, 21, 20, 19, 25, 23, 15, 16, 22, 24, -1], [-1, 0, 35, 34, 33, 4, 6, 5, 3, 2, -1]]
	tour_lengths=[1.2989939940800341, 1.9141749832198205, 2.341046310067945, 1.8761706811005814]
	beginService=[0.0, 0.25946585683707507, 58.24349374545374, 47.075053446589735, 46.596273780548074, 40.65277777777777, 45.875, 41.55555555555555, 0.1416394309331329, 5.25, 5.736111111111112, 36.31944444444444, 2.5, 47.72493631226447, 46.783127288987984, 45.875, 15.736111111111109, 29.041666666666664, 4.4672547249401005, 3.969602615289471, 7.680555555555555, 5.578751341291767, 5.134306896847322, 42.95833333333333, 13.833333333333332, 59.388888888888886, 8.355570489413031, 57.36623988906251, 54.041666666666664, 8.101170433992525, 54.863260548253145, 55.36885949599527, 6.875, 56.72997060710638, 38.43055555555555, 1.8034651248602172, 0.8811995104514277, 0.0, 0.0, 0.0, 0.0, 0.0, 0.0, 0.0, 0.0, 0.0, 0.0, 0.0, 0.0, 0.0, 0.0, 0.0, 0.0, 0.0, 0.0, 0.0, 0.0, 0.0, 0.0, 0.0, 0.0, 0.0, 0.0, 0.0, 0.0]
	usedVehicles=4
	currentTime=[0.0, 0.0, 59.388888888888886, 47.075053446589735]
	currentQuantity=[11.0, 14.0, 20.0, 20.0]
	total_tour_length=7.430385968468378
	costObjectives=[7.430385968468378, 1.042052315987911]
}

19:

Ant{
	tours=[[-1, 7, 8, 9, 10, 14, 13, 12, -1], [-1, 31, 28, 27, 29, 30, 32, 26, 1, -1], [-1, 11, 18, 17, 21, 20, 19, 25, 23, 15, 16, 22, 24, -1], [-1, 0, 35, 34, 33, 4, 6, 5, 3, 2, -1]]
	tour_lengths=[1.2989939940800341, 1.9141749832198205, 2.341046310067945, 1.8761706811005814]
	beginService=[0.0, 0.25946585683707507, 58.24349374545374, 47.075053446589735, 46.596273780548074, 40.65277777777777, 45.875, 41.55555555555555, 0.1416394309331329, 5.25, 5.736111111111112, 36.31944444444444, 2.5, 47.72493631226447, 46.783127288987984, 45.875, 15.736111111111109, 29.041666666666664, 4.4672547249401005, 3.969602615289471, 7.680555555555555, 5.578751341291767, 5.134306896847322, 42.95833333333333, 13.833333333333332, 59.388888888888886, 8.355570489413031, 57.36623988906251, 54.041666666666664, 8.101170433992525, 54.863260548253145, 55.36885949599527, 6.875, 56.72997060710638, 38.43055555555555, 1.8034651248602172, 0.8811995104514277, 0.0, 0.0, 0.0, 0.0, 0.0, 0.0, 0.0, 0.0, 0.0, 0.0, 0.0, 0.0, 0.0, 0.0, 0.0, 0.0, 0.0, 0.0, 0.0, 0.0, 0.0, 0.0, 0.0, 0.0, 0.0, 0.0, 0.0, 0.0]
	usedVehicles=4
	currentTime=[0.0, 0.0, 59.388888888888886, 47.075053446589735]
	currentQuantity=[11.0, 14.0, 20.0, 20.0]
	total_tour_length=7.430385968468378
	costObjectives=[7.430385968468378, 1.042052315987911]
}

20:

Ant{
	tours=[[-1, 7, 8, 9, 10, 14, 13, 12, -1], [-1, 31, 28, 27, 29, 30, 32, 26, 1, -1], [-1, 11, 18, 17, 21, 20, 19, 25, 23, 15, 16, 22, 24, -1], [-1, 0, 35, 34, 33, 4, 6, 5, 3, 2, -1]]
	tour_lengths=[1.2989939940800341, 1.9141749832198205, 2.341046310067945, 1.8761706811005814]
	beginService=[0.0, 0.25946585683707507, 58.24349374545374, 47.075053446589735, 46.596273780548074, 40.65277777777777, 45.875, 41.55555555555555, 0.1416394309331329, 5.25, 5.736111111111112, 36.31944444444444, 2.5, 47.72493631226447, 46.783127288987984, 45.875, 15.736111111111109, 29.041666666666664, 4.4672547249401005, 3.969602615289471, 7.680555555555555, 5.578751341291767, 5.134306896847322, 42.95833333333333, 13.833333333333332, 59.388888888888886, 8.355570489413031, 57.36623988906251, 54.041666666666664, 8.101170433992525, 54.863260548253145, 55.36885949599527, 6.875, 56.72997060710638, 38.43055555555555, 1.8034651248602172, 0.8811995104514277, 0.0, 0.0, 0.0, 0.0, 0.0, 0.0, 0.0, 0.0, 0.0, 0.0, 0.0, 0.0, 0.0, 0.0, 0.0, 0.0, 0.0, 0.0, 0.0, 0.0, 0.0, 0.0, 0.0, 0.0, 0.0, 0.0, 0.0, 0.0]
	usedVehicles=4
	currentTime=[0.0, 0.0, 59.388888888888886, 47.075053446589735]
	currentQuantity=[11.0, 14.0, 20.0, 20.0]
	total_tour_length=7.430385968468378
	costObjectives=[7.430385968468378, 1.042052315987911]
}

21:

Ant{
	tours=[[-1, 7, 8, 9, 10, 14, 13, 12, -1], [-1, 31, 28, 27, 29, 30, 32, 26, 1, -1], [-1, 11, 18, 17, 21, 20, 19, 25, 23, 15, 16, 22, 24, -1], [-1, 0, 35, 34, 33, 4, 6, 5, 3, 2, -1]]
	tour_lengths=[1.2989939940800341, 1.9141749832198205, 2.341046310067945, 1.8761706811005814]
	beginService=[0.0, 0.25946585683707507, 58.24349374545374, 47.075053446589735, 46.596273780548074, 40.65277777777777, 45.875, 41.55555555555555, 0.1416394309331329, 5.25, 5.736111111111112, 36.31944444444444, 2.5, 47.72493631226447, 46.783127288987984, 45.875, 15.736111111111109, 29.041666666666664, 4.4672547249401005, 3.969602615289471, 7.680555555555555, 5.578751341291767, 5.134306896847322, 42.95833333333333, 13.833333333333332, 59.388888888888886, 8.355570489413031, 57.36623988906251, 54.041666666666664, 8.101170433992525, 54.863260548253145, 55.36885949599527, 6.875, 56.72997060710638, 38.43055555555555, 1.8034651248602172, 0.8811995104514277, 0.0, 0.0, 0.0, 0.0, 0.0, 0.0, 0.0, 0.0, 0.0, 0.0, 0.0, 0.0, 0.0, 0.0, 0.0, 0.0, 0.0, 0.0, 0.0, 0.0, 0.0, 0.0, 0.0, 0.0, 0.0, 0.0, 0.0, 0.0]
	usedVehicles=4
	currentTime=[0.0, 0.0, 59.388888888888886, 47.075053446589735]
	currentQuantity=[11.0, 14.0, 20.0, 20.0]
	total_tour_length=7.430385968468378
	costObjectives=[7.430385968468378, 1.042052315987911]
}

22:

Ant{
	tours=[[-1, 7, 8, 9, 10, 14, 13, 12, -1], [-1, 31, 28, 27, 29, 30, 32, 26, 1, -1], [-1, 11, 18, 17, 21, 20, 19, 25, 23, 15, 16, 22, 24, -1], [-1, 0, 35, 34, 33, 4, 6, 5, 3, 2, -1]]
	tour_lengths=[1.2989939940800341, 1.9141749832198205, 2.341046310067945, 1.8761706811005814]
	beginService=[0.0, 0.25946585683707507, 58.24349374545374, 47.075053446589735, 46.596273780548074, 40.65277777777777, 45.875, 41.55555555555555, 0.1416394309331329, 5.25, 5.736111111111112, 36.31944444444444, 2.5, 47.72493631226447, 46.783127288987984, 45.875, 15.736111111111109, 29.041666666666664, 4.4672547249401005, 3.969602615289471, 7.680555555555555, 5.578751341291767, 5.134306896847322, 42.95833333333333, 13.833333333333332, 59.388888888888886, 8.355570489413031, 57.36623988906251, 54.041666666666664, 8.101170433992525, 54.863260548253145, 55.36885949599527, 6.875, 56.72997060710638, 38.43055555555555, 1.8034651248602172, 0.8811995104514277, 0.0, 0.0, 0.0, 0.0, 0.0, 0.0, 0.0, 0.0, 0.0, 0.0, 0.0, 0.0, 0.0, 0.0, 0.0, 0.0, 0.0, 0.0, 0.0, 0.0, 0.0, 0.0, 0.0, 0.0, 0.0, 0.0, 0.0, 0.0]
	usedVehicles=4
	currentTime=[0.0, 0.0, 59.388888888888886, 47.075053446589735]
	currentQuantity=[11.0, 14.0, 20.0, 20.0]
	total_tour_length=7.430385968468378
	costObjectives=[7.430385968468378, 1.042052315987911]
}

23:

Ant{
	tours=[[-1, 7, 8, 9, 10, 14, 13, 12, -1], [-1, 31, 28, 27, 29, 30, 32, 26, 1, -1], [-1, 11, 18, 17, 21, 20, 19, 25, 23, 15, 16, 22, 24, -1], [-1, 0, 35, 34, 33, 4, 6, 5, 3, 2, -1]]
	tour_lengths=[1.2989939940800341, 1.9141749832198205, 2.341046310067945, 1.8761706811005814]
	beginService=[0.0, 0.25946585683707507, 58.24349374545374, 47.075053446589735, 46.596273780548074, 40.65277777777777, 45.875, 41.55555555555555, 0.1416394309331329, 5.25, 5.736111111111112, 36.31944444444444, 2.5, 47.72493631226447, 46.783127288987984, 45.875, 15.736111111111109, 29.041666666666664, 4.4672547249401005, 3.969602615289471, 7.680555555555555, 5.578751341291767, 5.134306896847322, 42.95833333333333, 13.833333333333332, 59.388888888888886, 8.355570489413031, 57.36623988906251, 54.041666666666664, 8.101170433992525, 54.863260548253145, 55.36885949599527, 6.875, 56.72997060710638, 38.43055555555555, 1.8034651248602172, 0.8811995104514277, 0.0, 0.0, 0.0, 0.0, 0.0, 0.0, 0.0, 0.0, 0.0, 0.0, 0.0, 0.0, 0.0, 0.0, 0.0, 0.0, 0.0, 0.0, 0.0, 0.0, 0.0, 0.0, 0.0, 0.0, 0.0, 0.0, 0.0, 0.0]
	usedVehicles=4
	currentTime=[0.0, 0.0, 59.388888888888886, 47.075053446589735]
	currentQuantity=[11.0, 14.0, 20.0, 20.0]
	total_tour_length=7.430385968468378
	costObjectives=[7.430385968468378, 1.042052315987911]
}

24:

Ant{
	tours=[[-1, 7, 8, 9, 10, 14, 13, 12, -1], [-1, 31, 28, 27, 29, 30, 32, 26, 1, -1], [-1, 11, 18, 17, 21, 20, 19, 25, 23, 15, 16, 22, 24, -1], [-1, 0, 35, 34, 33, 4, 6, 5, 3, 2, -1]]
	tour_lengths=[1.2989939940800341, 1.9141749832198205, 2.341046310067945, 1.8761706811005814]
	beginService=[0.0, 0.25946585683707507, 58.24349374545374, 47.075053446589735, 46.596273780548074, 40.65277777777777, 45.875, 41.55555555555555, 0.1416394309331329, 5.25, 5.736111111111112, 36.31944444444444, 2.5, 47.72493631226447, 46.783127288987984, 45.875, 15.736111111111109, 29.041666666666664, 4.4672547249401005, 3.969602615289471, 7.680555555555555, 5.578751341291767, 5.134306896847322, 42.95833333333333, 13.833333333333332, 59.388888888888886, 8.355570489413031, 57.36623988906251, 54.041666666666664, 8.101170433992525, 54.863260548253145, 55.36885949599527, 6.875, 56.72997060710638, 38.43055555555555, 1.8034651248602172, 0.8811995104514277, 0.0, 0.0, 0.0, 0.0, 0.0, 0.0, 0.0, 0.0, 0.0, 0.0, 0.0, 0.0, 0.0, 0.0, 0.0, 0.0, 0.0, 0.0, 0.0, 0.0, 0.0, 0.0, 0.0, 0.0, 0.0, 0.0, 0.0, 0.0]
	usedVehicles=4
	currentTime=[0.0, 0.0, 59.388888888888886, 47.075053446589735]
	currentQuantity=[11.0, 14.0, 20.0, 20.0]
	total_tour_length=7.430385968468378
	costObjectives=[7.430385968468378, 1.042052315987911]
}

25:

Ant{
	tours=[[-1, 7, 8, 9, 10, 14, 13, 12, -1], [-1, 31, 28, 27, 29, 30, 32, 26, 1, -1], [-1, 11, 18, 17, 21, 20, 19, 25, 23, 15, 16, 22, 24, -1], [-1, 0, 35, 34, 33, 4, 6, 5, 3, 2, -1]]
	tour_lengths=[1.2989939940800341, 1.9141749832198205, 2.341046310067945, 1.8761706811005814]
	beginService=[0.0, 0.25946585683707507, 58.24349374545374, 47.075053446589735, 46.596273780548074, 40.65277777777777, 45.875, 41.55555555555555, 0.1416394309331329, 5.25, 5.736111111111112, 36.31944444444444, 2.5, 47.72493631226447, 46.783127288987984, 45.875, 15.736111111111109, 29.041666666666664, 4.4672547249401005, 3.969602615289471, 7.680555555555555, 5.578751341291767, 5.134306896847322, 42.95833333333333, 13.833333333333332, 59.388888888888886, 8.355570489413031, 57.36623988906251, 54.041666666666664, 8.101170433992525, 54.863260548253145, 55.36885949599527, 6.875, 56.72997060710638, 38.43055555555555, 1.8034651248602172, 0.8811995104514277, 0.0, 0.0, 0.0, 0.0, 0.0, 0.0, 0.0, 0.0, 0.0, 0.0, 0.0, 0.0, 0.0, 0.0, 0.0, 0.0, 0.0, 0.0, 0.0, 0.0, 0.0, 0.0, 0.0, 0.0, 0.0, 0.0, 0.0, 0.0]
	usedVehicles=4
	currentTime=[0.0, 0.0, 59.388888888888886, 47.075053446589735]
	currentQuantity=[11.0, 14.0, 20.0, 20.0]
	total_tour_length=7.430385968468378
	costObjectives=[7.430385968468378, 1.042052315987911]
}

26:

Ant{
	tours=[[-1, 7, 8, 9, 10, 14, 13, 12, -1], [-1, 31, 28, 27, 29, 30, 32, 26, 1, -1], [-1, 11, 18, 17, 21, 20, 19, 25, 23, 15, 16, 22, 24, -1], [-1, 0, 35, 34, 33, 4, 6, 5, 3, 2, -1]]
	tour_lengths=[1.2989939940800341, 1.9141749832198205, 2.341046310067945, 1.8761706811005814]
	beginService=[0.0, 0.25946585683707507, 58.24349374545374, 47.075053446589735, 46.596273780548074, 40.65277777777777, 45.875, 41.55555555555555, 0.1416394309331329, 5.25, 5.736111111111112, 36.31944444444444, 2.5, 47.72493631226447, 46.783127288987984, 45.875, 15.736111111111109, 29.041666666666664, 4.4672547249401005, 3.969602615289471, 7.680555555555555, 5.578751341291767, 5.134306896847322, 42.95833333333333, 13.833333333333332, 59.388888888888886, 8.355570489413031, 57.36623988906251, 54.041666666666664, 8.101170433992525, 54.863260548253145, 55.36885949599527, 6.875, 56.72997060710638, 38.43055555555555, 1.8034651248602172, 0.8811995104514277, 0.0, 0.0, 0.0, 0.0, 0.0, 0.0, 0.0, 0.0, 0.0, 0.0, 0.0, 0.0, 0.0, 0.0, 0.0, 0.0, 0.0, 0.0, 0.0, 0.0, 0.0, 0.0, 0.0, 0.0, 0.0, 0.0, 0.0, 0.0]
	usedVehicles=4
	currentTime=[0.0, 0.0, 59.388888888888886, 47.075053446589735]
	currentQuantity=[11.0, 14.0, 20.0, 20.0]
	total_tour_length=7.430385968468378
	costObjectives=[7.430385968468378, 1.042052315987911]
}

27:

Ant{
	tours=[[-1, 7, 8, 9, 10, 14, 13, 12, -1], [-1, 31, 28, 27, 29, 30, 32, 26, 1, -1], [-1, 11, 18, 17, 21, 20, 19, 25, 23, 15, 16, 22, 24, -1], [-1, 0, 35, 34, 33, 4, 6, 5, 3, 2, -1]]
	tour_lengths=[1.2989939940800341, 1.9141749832198205, 2.341046310067945, 1.8761706811005814]
	beginService=[0.0, 0.25946585683707507, 58.24349374545374, 47.075053446589735, 46.596273780548074, 40.65277777777777, 45.875, 41.55555555555555, 0.1416394309331329, 5.25, 5.736111111111112, 36.31944444444444, 2.5, 47.72493631226447, 46.783127288987984, 45.875, 15.736111111111109, 29.041666666666664, 4.4672547249401005, 3.969602615289471, 7.680555555555555, 5.578751341291767, 5.134306896847322, 42.95833333333333, 13.833333333333332, 59.388888888888886, 8.355570489413031, 57.36623988906251, 54.041666666666664, 8.101170433992525, 54.863260548253145, 55.36885949599527, 6.875, 56.72997060710638, 38.43055555555555, 1.8034651248602172, 0.8811995104514277, 0.0, 0.0, 0.0, 0.0, 0.0, 0.0, 0.0, 0.0, 0.0, 0.0, 0.0, 0.0, 0.0, 0.0, 0.0, 0.0, 0.0, 0.0, 0.0, 0.0, 0.0, 0.0, 0.0, 0.0, 0.0, 0.0, 0.0, 0.0]
	usedVehicles=4
	currentTime=[0.0, 0.0, 59.388888888888886, 47.075053446589735]
	currentQuantity=[11.0, 14.0, 20.0, 20.0]
	total_tour_length=7.430385968468378
	costObjectives=[7.430385968468378, 1.042052315987911]
}

28:

Ant{
	tours=[[-1, 7, 8, 9, 10, 14, 13, 12, -1], [-1, 31, 28, 27, 29, 30, 32, 26, 1, -1], [-1, 11, 18, 17, 21, 20, 19, 25, 23, 15, 16, 22, 24, -1], [-1, 0, 35, 34, 33, 4, 6, 5, 3, 2, -1]]
	tour_lengths=[1.2989939940800341, 1.9141749832198205, 2.341046310067945, 1.8761706811005814]
	beginService=[0.0, 0.25946585683707507, 58.24349374545374, 47.075053446589735, 46.596273780548074, 40.65277777777777, 45.875, 41.55555555555555, 0.1416394309331329, 5.25, 5.736111111111112, 36.31944444444444, 2.5, 47.72493631226447, 46.783127288987984, 45.875, 15.736111111111109, 29.041666666666664, 4.4672547249401005, 3.969602615289471, 7.680555555555555, 5.578751341291767, 5.134306896847322, 42.95833333333333, 13.833333333333332, 59.388888888888886, 8.355570489413031, 57.36623988906251, 54.041666666666664, 8.101170433992525, 54.863260548253145, 55.36885949599527, 6.875, 56.72997060710638, 38.43055555555555, 1.8034651248602172, 0.8811995104514277, 0.0, 0.0, 0.0, 0.0, 0.0, 0.0, 0.0, 0.0, 0.0, 0.0, 0.0, 0.0, 0.0, 0.0, 0.0, 0.0, 0.0, 0.0, 0.0, 0.0, 0.0, 0.0, 0.0, 0.0, 0.0, 0.0, 0.0, 0.0]
	usedVehicles=4
	currentTime=[0.0, 0.0, 59.388888888888886, 47.075053446589735]
	currentQuantity=[11.0, 14.0, 20.0, 20.0]
	total_tour_length=7.430385968468378
	costObjectives=[7.430385968468378, 1.042052315987911]
}

29:

Ant{
	tours=[[-1, 7, 8, 9, 10, 14, 13, 12, -1], [-1, 31, 28, 27, 29, 30, 32, 26, 1, -1], [-1, 11, 18, 17, 21, 20, 19, 25, 23, 15, 16, 22, 24, -1], [-1, 0, 35, 34, 33, 4, 6, 5, 3, 2, -1]]
	tour_lengths=[1.2989939940800341, 1.9141749832198205, 2.341046310067945, 1.8761706811005814]
	beginService=[0.0, 0.25946585683707507, 58.24349374545374, 47.075053446589735, 46.596273780548074, 40.65277777777777, 45.875, 41.55555555555555, 0.1416394309331329, 5.25, 5.736111111111112, 36.31944444444444, 2.5, 47.72493631226447, 46.783127288987984, 45.875, 15.736111111111109, 29.041666666666664, 4.4672547249401005, 3.969602615289471, 7.680555555555555, 5.578751341291767, 5.134306896847322, 42.95833333333333, 13.833333333333332, 59.388888888888886, 8.355570489413031, 57.36623988906251, 54.041666666666664, 8.101170433992525, 54.863260548253145, 55.36885949599527, 6.875, 56.72997060710638, 38.43055555555555, 1.8034651248602172, 0.8811995104514277, 0.0, 0.0, 0.0, 0.0, 0.0, 0.0, 0.0, 0.0, 0.0, 0.0, 0.0, 0.0, 0.0, 0.0, 0.0, 0.0, 0.0, 0.0, 0.0, 0.0, 0.0, 0.0, 0.0, 0.0, 0.0, 0.0, 0.0, 0.0]
	usedVehicles=4
	currentTime=[0.0, 0.0, 59.388888888888886, 47.075053446589735]
	currentQuantity=[11.0, 14.0, 20.0, 20.0]
	total_tour_length=7.430385968468378
	costObjectives=[7.430385968468378, 1.042052315987911]
}

30:

Ant{
	tours=[[-1, 7, 8, 9, 10, 14, 13, 12, -1], [-1, 31, 28, 27, 29, 30, 32, 26, 1, -1], [-1, 11, 18, 17, 21, 20, 19, 25, 23, 15, 16, 22, 24, -1], [-1, 0, 35, 34, 33, 4, 6, 5, 3, 2, -1]]
	tour_lengths=[1.2989939940800341, 1.9141749832198205, 2.341046310067945, 1.8761706811005814]
	beginService=[0.0, 0.25946585683707507, 58.24349374545374, 47.075053446589735, 46.596273780548074, 40.65277777777777, 45.875, 41.55555555555555, 0.1416394309331329, 5.25, 5.736111111111112, 36.31944444444444, 2.5, 47.72493631226447, 46.783127288987984, 45.875, 15.736111111111109, 29.041666666666664, 4.4672547249401005, 3.969602615289471, 7.680555555555555, 5.578751341291767, 5.134306896847322, 42.95833333333333, 13.833333333333332, 59.388888888888886, 8.355570489413031, 57.36623988906251, 54.041666666666664, 8.101170433992525, 54.863260548253145, 55.36885949599527, 6.875, 56.72997060710638, 38.43055555555555, 1.8034651248602172, 0.8811995104514277, 0.0, 0.0, 0.0, 0.0, 0.0, 0.0, 0.0, 0.0, 0.0, 0.0, 0.0, 0.0, 0.0, 0.0, 0.0, 0.0, 0.0, 0.0, 0.0, 0.0, 0.0, 0.0, 0.0, 0.0, 0.0, 0.0, 0.0, 0.0]
	usedVehicles=4
	currentTime=[0.0, 0.0, 59.388888888888886, 47.075053446589735]
	currentQuantity=[11.0, 14.0, 20.0, 20.0]
	total_tour_length=7.430385968468378
	costObjectives=[7.430385968468378, 1.042052315987911]
}

31:

Ant{
	tours=[[-1, 7, 8, 9, 10, 14, 13, 12, -1], [-1, 31, 28, 27, 29, 30, 32, 26, 1, -1], [-1, 11, 18, 17, 21, 20, 19, 25, 23, 15, 16, 22, 24, -1], [-1, 0, 35, 34, 33, 4, 6, 5, 3, 2, -1]]
	tour_lengths=[1.2989939940800341, 1.9141749832198205, 2.341046310067945, 1.8761706811005814]
	beginService=[0.0, 0.25946585683707507, 58.24349374545374, 47.075053446589735, 46.596273780548074, 40.65277777777777, 45.875, 41.55555555555555, 0.1416394309331329, 5.25, 5.736111111111112, 36.31944444444444, 2.5, 47.72493631226447, 46.783127288987984, 45.875, 15.736111111111109, 29.041666666666664, 4.4672547249401005, 3.969602615289471, 7.680555555555555, 5.578751341291767, 5.134306896847322, 42.95833333333333, 13.833333333333332, 59.388888888888886, 8.355570489413031, 57.36623988906251, 54.041666666666664, 8.101170433992525, 54.863260548253145, 55.36885949599527, 6.875, 56.72997060710638, 38.43055555555555, 1.8034651248602172, 0.8811995104514277, 0.0, 0.0, 0.0, 0.0, 0.0, 0.0, 0.0, 0.0, 0.0, 0.0, 0.0, 0.0, 0.0, 0.0, 0.0, 0.0, 0.0, 0.0, 0.0, 0.0, 0.0, 0.0, 0.0, 0.0, 0.0, 0.0, 0.0, 0.0]
	usedVehicles=4
	currentTime=[0.0, 0.0, 59.388888888888886, 47.075053446589735]
	currentQuantity=[11.0, 14.0, 20.0, 20.0]
	total_tour_length=7.430385968468378
	costObjectives=[7.430385968468378, 1.042052315987911]
}

32:

Ant{
	tours=[[-1, 7, 8, 9, 10, 14, 13, 12, -1], [-1, 31, 28, 27, 29, 30, 32, 26, 1, -1], [-1, 11, 18, 17, 21, 20, 19, 25, 23, 15, 16, 22, 24, -1], [-1, 0, 35, 34, 33, 4, 6, 5, 3, 2, -1]]
	tour_lengths=[1.2989939940800341, 1.9141749832198205, 2.341046310067945, 1.8761706811005814]
	beginService=[0.0, 0.25946585683707507, 58.24349374545374, 47.075053446589735, 46.596273780548074, 40.65277777777777, 45.875, 41.55555555555555, 0.1416394309331329, 5.25, 5.736111111111112, 36.31944444444444, 2.5, 47.72493631226447, 46.783127288987984, 45.875, 15.736111111111109, 29.041666666666664, 4.4672547249401005, 3.969602615289471, 7.680555555555555, 5.578751341291767, 5.134306896847322, 42.95833333333333, 13.833333333333332, 59.388888888888886, 8.355570489413031, 57.36623988906251, 54.041666666666664, 8.101170433992525, 54.863260548253145, 55.36885949599527, 6.875, 56.72997060710638, 38.43055555555555, 1.8034651248602172, 0.8811995104514277, 0.0, 0.0, 0.0, 0.0, 0.0, 0.0, 0.0, 0.0, 0.0, 0.0, 0.0, 0.0, 0.0, 0.0, 0.0, 0.0, 0.0, 0.0, 0.0, 0.0, 0.0, 0.0, 0.0, 0.0, 0.0, 0.0, 0.0, 0.0]
	usedVehicles=4
	currentTime=[0.0, 0.0, 59.388888888888886, 47.075053446589735]
	currentQuantity=[11.0, 14.0, 20.0, 20.0]
	total_tour_length=7.430385968468378
	costObjectives=[7.430385968468378, 1.042052315987911]
}

33:

Ant{
	tours=[[-1, 7, 8, 9, 10, 14, 13, 12, -1], [-1, 31, 28, 27, 29, 30, 32, 26, 1, -1], [-1, 11, 18, 17, 21, 20, 19, 25, 23, 15, 16, 22, 24, -1], [-1, 0, 35, 34, 33, 4, 6, 5, 3, 2, -1]]
	tour_lengths=[1.2989939940800341, 1.9141749832198205, 2.341046310067945, 1.8761706811005814]
	beginService=[0.0, 0.25946585683707507, 58.24349374545374, 47.075053446589735, 46.596273780548074, 40.65277777777777, 45.875, 41.55555555555555, 0.1416394309331329, 5.25, 5.736111111111112, 36.31944444444444, 2.5, 47.72493631226447, 46.783127288987984, 45.875, 15.736111111111109, 29.041666666666664, 4.4672547249401005, 3.969602615289471, 7.680555555555555, 5.578751341291767, 5.134306896847322, 42.95833333333333, 13.833333333333332, 59.388888888888886, 8.355570489413031, 57.36623988906251, 54.041666666666664, 8.101170433992525, 54.863260548253145, 55.36885949599527, 6.875, 56.72997060710638, 38.43055555555555, 1.8034651248602172, 0.8811995104514277, 0.0, 0.0, 0.0, 0.0, 0.0, 0.0, 0.0, 0.0, 0.0, 0.0, 0.0, 0.0, 0.0, 0.0, 0.0, 0.0, 0.0, 0.0, 0.0, 0.0, 0.0, 0.0, 0.0, 0.0, 0.0, 0.0, 0.0, 0.0]
	usedVehicles=4
	currentTime=[0.0, 0.0, 59.388888888888886, 47.075053446589735]
	currentQuantity=[11.0, 14.0, 20.0, 20.0]
	total_tour_length=7.430385968468378
	costObjectives=[7.430385968468378, 1.042052315987911]
}

34:

Ant{
	tours=[[-1, 7, 8, 9, 10, 14, 13, 12, -1], [-1, 31, 28, 27, 29, 30, 32, 26, 1, -1], [-1, 11, 18, 17, 21, 20, 19, 25, 23, 15, 16, 22, 24, -1], [-1, 0, 35, 34, 33, 4, 6, 5, 3, 2, -1]]
	tour_lengths=[1.2989939940800341, 1.9141749832198205, 2.341046310067945, 1.8761706811005814]
	beginService=[0.0, 0.25946585683707507, 58.24349374545374, 47.075053446589735, 46.596273780548074, 40.65277777777777, 45.875, 41.55555555555555, 0.1416394309331329, 5.25, 5.736111111111112, 36.31944444444444, 2.5, 47.72493631226447, 46.783127288987984, 45.875, 15.736111111111109, 29.041666666666664, 4.4672547249401005, 3.969602615289471, 7.680555555555555, 5.578751341291767, 5.134306896847322, 42.95833333333333, 13.833333333333332, 59.388888888888886, 8.355570489413031, 57.36623988906251, 54.041666666666664, 8.101170433992525, 54.863260548253145, 55.36885949599527, 6.875, 56.72997060710638, 38.43055555555555, 1.8034651248602172, 0.8811995104514277, 0.0, 0.0, 0.0, 0.0, 0.0, 0.0, 0.0, 0.0, 0.0, 0.0, 0.0, 0.0, 0.0, 0.0, 0.0, 0.0, 0.0, 0.0, 0.0, 0.0, 0.0, 0.0, 0.0, 0.0, 0.0, 0.0, 0.0, 0.0]
	usedVehicles=4
	currentTime=[0.0, 0.0, 59.388888888888886, 47.075053446589735]
	currentQuantity=[11.0, 14.0, 20.0, 20.0]
	total_tour_length=7.430385968468378
	costObjectives=[7.430385968468378, 1.042052315987911]
}

35:

Ant{
	tours=[[-1, 7, 8, 9, 10, 14, 13, 12, -1], [-1, 31, 28, 27, 29, 30, 32, 26, 1, -1], [-1, 11, 18, 17, 21, 20, 19, 25, 23, 15, 16, 22, 24, -1], [-1, 0, 35, 34, 33, 4, 6, 5, 3, 2, -1]]
	tour_lengths=[1.2989939940800341, 1.9141749832198205, 2.341046310067945, 1.8761706811005814]
	beginService=[0.0, 0.25946585683707507, 58.24349374545374, 47.075053446589735, 46.596273780548074, 40.65277777777777, 45.875, 41.55555555555555, 0.1416394309331329, 5.25, 5.736111111111112, 36.31944444444444, 2.5, 47.72493631226447, 46.783127288987984, 45.875, 15.736111111111109, 29.041666666666664, 4.4672547249401005, 3.969602615289471, 7.680555555555555, 5.578751341291767, 5.134306896847322, 42.95833333333333, 13.833333333333332, 59.388888888888886, 8.355570489413031, 57.36623988906251, 54.041666666666664, 8.101170433992525, 54.863260548253145, 55.36885949599527, 6.875, 56.72997060710638, 38.43055555555555, 1.8034651248602172, 0.8811995104514277, 0.0, 0.0, 0.0, 0.0, 0.0, 0.0, 0.0, 0.0, 0.0, 0.0, 0.0, 0.0, 0.0, 0.0, 0.0, 0.0, 0.0, 0.0, 0.0, 0.0, 0.0, 0.0, 0.0, 0.0, 0.0, 0.0, 0.0, 0.0]
	usedVehicles=4
	currentTime=[0.0, 0.0, 59.388888888888886, 47.075053446589735]
	currentQuantity=[11.0, 14.0, 20.0, 20.0]
	total_tour_length=7.430385968468378
	costObjectives=[7.430385968468378, 1.042052315987911]
}

36:

Ant{
	tours=[[-1, 7, 8, 9, 10, 14, 13, 12, -1], [-1, 31, 28, 27, 29, 30, 32, 26, 1, -1], [-1, 11, 18, 17, 21, 20, 19, 25, 23, 15, 16, 22, 24, -1], [-1, 0, 35, 34, 33, 4, 6, 5, 3, 2, -1]]
	tour_lengths=[1.2989939940800341, 1.9141749832198205, 2.341046310067945, 1.8761706811005814]
	beginService=[0.0, 0.25946585683707507, 58.24349374545374, 47.075053446589735, 46.596273780548074, 40.65277777777777, 45.875, 41.55555555555555, 0.1416394309331329, 5.25, 5.736111111111112, 36.31944444444444, 2.5, 47.72493631226447, 46.783127288987984, 45.875, 15.736111111111109, 29.041666666666664, 4.4672547249401005, 3.969602615289471, 7.680555555555555, 5.578751341291767, 5.134306896847322, 42.95833333333333, 13.833333333333332, 59.388888888888886, 8.355570489413031, 57.36623988906251, 54.041666666666664, 8.101170433992525, 54.863260548253145, 55.36885949599527, 6.875, 56.72997060710638, 38.43055555555555, 1.8034651248602172, 0.8811995104514277, 0.0, 0.0, 0.0, 0.0, 0.0, 0.0, 0.0, 0.0, 0.0, 0.0, 0.0, 0.0, 0.0, 0.0, 0.0, 0.0, 0.0, 0.0, 0.0, 0.0, 0.0, 0.0, 0.0, 0.0, 0.0, 0.0, 0.0, 0.0]
	usedVehicles=4
	currentTime=[0.0, 0.0, 59.388888888888886, 47.075053446589735]
	currentQuantity=[11.0, 14.0, 20.0, 20.0]
	total_tour_length=7.430385968468378
	costObjectives=[7.430385968468378, 1.042052315987911]
}

37:

Ant{
	tours=[[-1, 7, 8, 9, 10, 14, 13, 12, -1], [-1, 31, 28, 27, 29, 30, 32, 26, 1, -1], [-1, 11, 18, 17, 21, 20, 19, 25, 23, 15, 16, 22, 24, -1], [-1, 0, 35, 34, 33, 4, 6, 5, 3, 2, -1]]
	tour_lengths=[1.2989939940800341, 1.9141749832198205, 2.341046310067945, 1.8761706811005814]
	beginService=[0.0, 0.25946585683707507, 58.24349374545374, 47.075053446589735, 46.596273780548074, 40.65277777777777, 45.875, 41.55555555555555, 0.1416394309331329, 5.25, 5.736111111111112, 36.31944444444444, 2.5, 47.72493631226447, 46.783127288987984, 45.875, 15.736111111111109, 29.041666666666664, 4.4672547249401005, 3.969602615289471, 7.680555555555555, 5.578751341291767, 5.134306896847322, 42.95833333333333, 13.833333333333332, 59.388888888888886, 8.355570489413031, 57.36623988906251, 54.041666666666664, 8.101170433992525, 54.863260548253145, 55.36885949599527, 6.875, 56.72997060710638, 38.43055555555555, 1.8034651248602172, 0.8811995104514277, 0.0, 0.0, 0.0, 0.0, 0.0, 0.0, 0.0, 0.0, 0.0, 0.0, 0.0, 0.0, 0.0, 0.0, 0.0, 0.0, 0.0, 0.0, 0.0, 0.0, 0.0, 0.0, 0.0, 0.0, 0.0, 0.0, 0.0, 0.0]
	usedVehicles=4
	currentTime=[0.0, 0.0, 59.388888888888886, 47.075053446589735]
	currentQuantity=[11.0, 14.0, 20.0, 20.0]
	total_tour_length=7.430385968468378
	costObjectives=[7.430385968468378, 1.042052315987911]
}

38:

Ant{
	tours=[[-1, 7, 8, 9, 10, 14, 13, 12, -1], [-1, 31, 28, 27, 29, 30, 32, 26, 1, -1], [-1, 11, 18, 17, 21, 20, 19, 25, 23, 15, 16, 22, 24, -1], [-1, 0, 35, 34, 33, 4, 6, 5, 3, 2, -1]]
	tour_lengths=[1.2989939940800341, 1.9141749832198205, 2.341046310067945, 1.8761706811005814]
	beginService=[0.0, 0.25946585683707507, 58.24349374545374, 47.075053446589735, 46.596273780548074, 40.65277777777777, 45.875, 41.55555555555555, 0.1416394309331329, 5.25, 5.736111111111112, 36.31944444444444, 2.5, 47.72493631226447, 46.783127288987984, 45.875, 15.736111111111109, 29.041666666666664, 4.4672547249401005, 3.969602615289471, 7.680555555555555, 5.578751341291767, 5.134306896847322, 42.95833333333333, 13.833333333333332, 59.388888888888886, 8.355570489413031, 57.36623988906251, 54.041666666666664, 8.101170433992525, 54.863260548253145, 55.36885949599527, 6.875, 56.72997060710638, 38.43055555555555, 1.8034651248602172, 0.8811995104514277, 0.0, 0.0, 0.0, 0.0, 0.0, 0.0, 0.0, 0.0, 0.0, 0.0, 0.0, 0.0, 0.0, 0.0, 0.0, 0.0, 0.0, 0.0, 0.0, 0.0, 0.0, 0.0, 0.0, 0.0, 0.0, 0.0, 0.0, 0.0]
	usedVehicles=4
	currentTime=[0.0, 0.0, 59.388888888888886, 47.075053446589735]
	currentQuantity=[11.0, 14.0, 20.0, 20.0]
	total_tour_length=7.430385968468378
	costObjectives=[7.430385968468378, 1.042052315987911]
}

39:

Ant{
	tours=[[-1, 7, 8, 9, 10, 14, 13, 12, -1], [-1, 31, 28, 27, 29, 30, 32, 26, 1, -1], [-1, 11, 18, 17, 21, 20, 19, 25, 23, 15, 16, 22, 24, -1], [-1, 0, 35, 34, 33, 4, 6, 5, 3, 2, -1]]
	tour_lengths=[1.2989939940800341, 1.9141749832198205, 2.341046310067945, 1.8761706811005814]
	beginService=[0.0, 0.25946585683707507, 58.24349374545374, 47.075053446589735, 46.596273780548074, 40.65277777777777, 45.875, 41.55555555555555, 0.1416394309331329, 5.25, 5.736111111111112, 36.31944444444444, 2.5, 47.72493631226447, 46.783127288987984, 45.875, 15.736111111111109, 29.041666666666664, 4.4672547249401005, 3.969602615289471, 7.680555555555555, 5.578751341291767, 5.134306896847322, 42.95833333333333, 13.833333333333332, 59.388888888888886, 8.355570489413031, 57.36623988906251, 54.041666666666664, 8.101170433992525, 54.863260548253145, 55.36885949599527, 6.875, 56.72997060710638, 38.43055555555555, 1.8034651248602172, 0.8811995104514277, 0.0, 0.0, 0.0, 0.0, 0.0, 0.0, 0.0, 0.0, 0.0, 0.0, 0.0, 0.0, 0.0, 0.0, 0.0, 0.0, 0.0, 0.0, 0.0, 0.0, 0.0, 0.0, 0.0, 0.0, 0.0, 0.0, 0.0, 0.0]
	usedVehicles=4
	currentTime=[0.0, 0.0, 59.388888888888886, 47.075053446589735]
	currentQuantity=[11.0, 14.0, 20.0, 20.0]
	total_tour_length=7.430385968468378
	costObjectives=[7.430385968468378, 1.042052315987911]
}

40:

Ant{
	tours=[[-1, 7, 8, 9, 10, 14, 13, 12, -1], [-1, 31, 28, 27, 29, 30, 32, 26, 1, -1], [-1, 11, 18, 17, 21, 20, 19, 25, 23, 15, 16, 22, 24, -1], [-1, 0, 35, 34, 33, 4, 6, 5, 3, 2, -1]]
	tour_lengths=[1.2989939940800341, 1.9141749832198205, 2.341046310067945, 1.8761706811005814]
	beginService=[0.0, 0.25946585683707507, 58.24349374545374, 47.075053446589735, 46.596273780548074, 40.65277777777777, 45.875, 41.55555555555555, 0.1416394309331329, 5.25, 5.736111111111112, 36.31944444444444, 2.5, 47.72493631226447, 46.783127288987984, 45.875, 15.736111111111109, 29.041666666666664, 4.4672547249401005, 3.969602615289471, 7.680555555555555, 5.578751341291767, 5.134306896847322, 42.95833333333333, 13.833333333333332, 59.388888888888886, 8.355570489413031, 57.36623988906251, 54.041666666666664, 8.101170433992525, 54.863260548253145, 55.36885949599527, 6.875, 56.72997060710638, 38.43055555555555, 1.8034651248602172, 0.8811995104514277, 0.0, 0.0, 0.0, 0.0, 0.0, 0.0, 0.0, 0.0, 0.0, 0.0, 0.0, 0.0, 0.0, 0.0, 0.0, 0.0, 0.0, 0.0, 0.0, 0.0, 0.0, 0.0, 0.0, 0.0, 0.0, 0.0, 0.0, 0.0]
	usedVehicles=4
	currentTime=[0.0, 0.0, 59.388888888888886, 47.075053446589735]
	currentQuantity=[11.0, 14.0, 20.0, 20.0]
	total_tour_length=7.430385968468378
	costObjectives=[7.430385968468378, 1.042052315987911]
}

41:

Ant{
	tours=[[-1, 7, 8, 9, 10, 14, 13, 12, -1], [-1, 31, 28, 27, 29, 30, 32, 26, 1, -1], [-1, 11, 18, 17, 21, 20, 19, 25, 23, 15, 16, 22, 24, -1], [-1, 0, 35, 34, 33, 4, 6, 5, 3, 2, -1]]
	tour_lengths=[1.2989939940800341, 1.9141749832198205, 2.341046310067945, 1.8761706811005814]
	beginService=[0.0, 0.25946585683707507, 58.24349374545374, 47.075053446589735, 46.596273780548074, 40.65277777777777, 45.875, 41.55555555555555, 0.1416394309331329, 5.25, 5.736111111111112, 36.31944444444444, 2.5, 47.72493631226447, 46.783127288987984, 45.875, 15.736111111111109, 29.041666666666664, 4.4672547249401005, 3.969602615289471, 7.680555555555555, 5.578751341291767, 5.134306896847322, 42.95833333333333, 13.833333333333332, 59.388888888888886, 8.355570489413031, 57.36623988906251, 54.041666666666664, 8.101170433992525, 54.863260548253145, 55.36885949599527, 6.875, 56.72997060710638, 38.43055555555555, 1.8034651248602172, 0.8811995104514277, 0.0, 0.0, 0.0, 0.0, 0.0, 0.0, 0.0, 0.0, 0.0, 0.0, 0.0, 0.0, 0.0, 0.0, 0.0, 0.0, 0.0, 0.0, 0.0, 0.0, 0.0, 0.0, 0.0, 0.0, 0.0, 0.0, 0.0, 0.0]
	usedVehicles=4
	currentTime=[0.0, 0.0, 59.388888888888886, 47.075053446589735]
	currentQuantity=[11.0, 14.0, 20.0, 20.0]
	total_tour_length=7.430385968468378
	costObjectives=[7.430385968468378, 1.042052315987911]
}

42:

Ant{
	tours=[[-1, 7, 8, 9, 10, 14, 13, 12, -1], [-1, 31, 28, 27, 29, 30, 32, 26, 1, -1], [-1, 11, 18, 17, 21, 20, 19, 25, 23, 15, 16, 22, 24, -1], [-1, 0, 35, 34, 33, 4, 6, 5, 3, 2, -1]]
	tour_lengths=[1.2989939940800341, 1.9141749832198205, 2.341046310067945, 1.8761706811005814]
	beginService=[0.0, 0.25946585683707507, 58.24349374545374, 47.075053446589735, 46.596273780548074, 40.65277777777777, 45.875, 41.55555555555555, 0.1416394309331329, 5.25, 5.736111111111112, 36.31944444444444, 2.5, 47.72493631226447, 46.783127288987984, 45.875, 15.736111111111109, 29.041666666666664, 4.4672547249401005, 3.969602615289471, 7.680555555555555, 5.578751341291767, 5.134306896847322, 42.95833333333333, 13.833333333333332, 59.388888888888886, 8.355570489413031, 57.36623988906251, 54.041666666666664, 8.101170433992525, 54.863260548253145, 55.36885949599527, 6.875, 56.72997060710638, 38.43055555555555, 1.8034651248602172, 0.8811995104514277, 0.0, 0.0, 0.0, 0.0, 0.0, 0.0, 0.0, 0.0, 0.0, 0.0, 0.0, 0.0, 0.0, 0.0, 0.0, 0.0, 0.0, 0.0, 0.0, 0.0, 0.0, 0.0, 0.0, 0.0, 0.0, 0.0, 0.0, 0.0]
	usedVehicles=4
	currentTime=[0.0, 0.0, 59.388888888888886, 47.075053446589735]
	currentQuantity=[11.0, 14.0, 20.0, 20.0]
	total_tour_length=7.430385968468378
	costObjectives=[7.430385968468378, 1.042052315987911]
}

43:

Ant{
	tours=[[-1, 7, 8, 9, 10, 14, 13, 12, -1], [-1, 31, 28, 27, 29, 30, 32, 26, 1, -1], [-1, 11, 18, 17, 21, 20, 19, 25, 23, 15, 16, 22, 24, -1], [-1, 0, 35, 34, 33, 4, 6, 5, 3, 2, -1]]
	tour_lengths=[1.2989939940800341, 1.9141749832198205, 2.341046310067945, 1.8761706811005814]
	beginService=[0.0, 0.25946585683707507, 58.24349374545374, 47.075053446589735, 46.596273780548074, 40.65277777777777, 45.875, 41.55555555555555, 0.1416394309331329, 5.25, 5.736111111111112, 36.31944444444444, 2.5, 47.72493631226447, 46.783127288987984, 45.875, 15.736111111111109, 29.041666666666664, 4.4672547249401005, 3.969602615289471, 7.680555555555555, 5.578751341291767, 5.134306896847322, 42.95833333333333, 13.833333333333332, 59.388888888888886, 8.355570489413031, 57.36623988906251, 54.041666666666664, 8.101170433992525, 54.863260548253145, 55.36885949599527, 6.875, 56.72997060710638, 38.43055555555555, 1.8034651248602172, 0.8811995104514277, 0.0, 0.0, 0.0, 0.0, 0.0, 0.0, 0.0, 0.0, 0.0, 0.0, 0.0, 0.0, 0.0, 0.0, 0.0, 0.0, 0.0, 0.0, 0.0, 0.0, 0.0, 0.0, 0.0, 0.0, 0.0, 0.0, 0.0, 0.0]
	usedVehicles=4
	currentTime=[0.0, 0.0, 59.388888888888886, 47.075053446589735]
	currentQuantity=[11.0, 14.0, 20.0, 20.0]
	total_tour_length=7.430385968468378
	costObjectives=[7.430385968468378, 1.042052315987911]
}

44:

Ant{
	tours=[[-1, 7, 8, 9, 10, 14, 13, 12, -1], [-1, 31, 28, 27, 29, 30, 32, 26, 1, -1], [-1, 11, 18, 17, 21, 20, 19, 25, 23, 15, 16, 22, 24, -1], [-1, 0, 35, 34, 33, 4, 6, 5, 3, 2, -1]]
	tour_lengths=[1.2989939940800341, 1.9141749832198205, 2.341046310067945, 1.8761706811005814]
	beginService=[0.0, 0.25946585683707507, 58.24349374545374, 47.075053446589735, 46.596273780548074, 40.65277777777777, 45.875, 41.55555555555555, 0.1416394309331329, 5.25, 5.736111111111112, 36.31944444444444, 2.5, 47.72493631226447, 46.783127288987984, 45.875, 15.736111111111109, 29.041666666666664, 4.4672547249401005, 3.969602615289471, 7.680555555555555, 5.578751341291767, 5.134306896847322, 42.95833333333333, 13.833333333333332, 59.388888888888886, 8.355570489413031, 57.36623988906251, 54.041666666666664, 8.101170433992525, 54.863260548253145, 55.36885949599527, 6.875, 56.72997060710638, 38.43055555555555, 1.8034651248602172, 0.8811995104514277, 0.0, 0.0, 0.0, 0.0, 0.0, 0.0, 0.0, 0.0, 0.0, 0.0, 0.0, 0.0, 0.0, 0.0, 0.0, 0.0, 0.0, 0.0, 0.0, 0.0, 0.0, 0.0, 0.0, 0.0, 0.0, 0.0, 0.0, 0.0]
	usedVehicles=4
	currentTime=[0.0, 0.0, 59.388888888888886, 47.075053446589735]
	currentQuantity=[11.0, 14.0, 20.0, 20.0]
	total_tour_length=7.430385968468378
	costObjectives=[7.430385968468378, 1.042052315987911]
}

45:

Ant{
	tours=[[-1, 7, 8, 9, 10, 14, 13, 12, -1], [-1, 31, 28, 27, 29, 30, 32, 26, 1, -1], [-1, 11, 18, 17, 21, 20, 19, 25, 23, 15, 16, 22, 24, -1], [-1, 0, 35, 34, 33, 4, 6, 5, 3, 2, -1]]
	tour_lengths=[1.2989939940800341, 1.9141749832198205, 2.341046310067945, 1.8761706811005814]
	beginService=[0.0, 0.25946585683707507, 58.24349374545374, 47.075053446589735, 46.596273780548074, 40.65277777777777, 45.875, 41.55555555555555, 0.1416394309331329, 5.25, 5.736111111111112, 36.31944444444444, 2.5, 47.72493631226447, 46.783127288987984, 45.875, 15.736111111111109, 29.041666666666664, 4.4672547249401005, 3.969602615289471, 7.680555555555555, 5.578751341291767, 5.134306896847322, 42.95833333333333, 13.833333333333332, 59.388888888888886, 8.355570489413031, 57.36623988906251, 54.041666666666664, 8.101170433992525, 54.863260548253145, 55.36885949599527, 6.875, 56.72997060710638, 38.43055555555555, 1.8034651248602172, 0.8811995104514277, 0.0, 0.0, 0.0, 0.0, 0.0, 0.0, 0.0, 0.0, 0.0, 0.0, 0.0, 0.0, 0.0, 0.0, 0.0, 0.0, 0.0, 0.0, 0.0, 0.0, 0.0, 0.0, 0.0, 0.0, 0.0, 0.0, 0.0, 0.0]
	usedVehicles=4
	currentTime=[0.0, 0.0, 59.388888888888886, 47.075053446589735]
	currentQuantity=[11.0, 14.0, 20.0, 20.0]
	total_tour_length=7.430385968468378
	costObjectives=[7.430385968468378, 1.042052315987911]
}

46:

Ant{
	tours=[[-1, 7, 8, 9, 10, 14, 13, 12, -1], [-1, 31, 28, 27, 29, 30, 32, 26, 1, -1], [-1, 11, 18, 17, 21, 20, 19, 25, 23, 15, 16, 22, 24, -1], [-1, 0, 35, 34, 33, 4, 6, 5, 3, 2, -1]]
	tour_lengths=[1.2989939940800341, 1.9141749832198205, 2.341046310067945, 1.8761706811005814]
	beginService=[0.0, 0.25946585683707507, 58.24349374545374, 47.075053446589735, 46.596273780548074, 40.65277777777777, 45.875, 41.55555555555555, 0.1416394309331329, 5.25, 5.736111111111112, 36.31944444444444, 2.5, 47.72493631226447, 46.783127288987984, 45.875, 15.736111111111109, 29.041666666666664, 4.4672547249401005, 3.969602615289471, 7.680555555555555, 5.578751341291767, 5.134306896847322, 42.95833333333333, 13.833333333333332, 59.388888888888886, 8.355570489413031, 57.36623988906251, 54.041666666666664, 8.101170433992525, 54.863260548253145, 55.36885949599527, 6.875, 56.72997060710638, 38.43055555555555, 1.8034651248602172, 0.8811995104514277, 0.0, 0.0, 0.0, 0.0, 0.0, 0.0, 0.0, 0.0, 0.0, 0.0, 0.0, 0.0, 0.0, 0.0, 0.0, 0.0, 0.0, 0.0, 0.0, 0.0, 0.0, 0.0, 0.0, 0.0, 0.0, 0.0, 0.0, 0.0]
	usedVehicles=4
	currentTime=[0.0, 0.0, 59.388888888888886, 47.075053446589735]
	currentQuantity=[11.0, 14.0, 20.0, 20.0]
	total_tour_length=7.430385968468378
	costObjectives=[7.430385968468378, 1.042052315987911]
}

47:

Ant{
	tours=[[-1, 7, 8, 9, 10, 14, 13, 12, -1], [-1, 31, 28, 27, 29, 30, 32, 26, 1, -1], [-1, 11, 18, 17, 21, 20, 19, 25, 23, 15, 16, 22, 24, -1], [-1, 0, 35, 34, 33, 4, 6, 5, 3, 2, -1]]
	tour_lengths=[1.2989939940800341, 1.9141749832198205, 2.341046310067945, 1.8761706811005814]
	beginService=[0.0, 0.25946585683707507, 58.24349374545374, 47.075053446589735, 46.596273780548074, 40.65277777777777, 45.875, 41.55555555555555, 0.1416394309331329, 5.25, 5.736111111111112, 36.31944444444444, 2.5, 47.72493631226447, 46.783127288987984, 45.875, 15.736111111111109, 29.041666666666664, 4.4672547249401005, 3.969602615289471, 7.680555555555555, 5.578751341291767, 5.134306896847322, 42.95833333333333, 13.833333333333332, 59.388888888888886, 8.355570489413031, 57.36623988906251, 54.041666666666664, 8.101170433992525, 54.863260548253145, 55.36885949599527, 6.875, 56.72997060710638, 38.43055555555555, 1.8034651248602172, 0.8811995104514277, 0.0, 0.0, 0.0, 0.0, 0.0, 0.0, 0.0, 0.0, 0.0, 0.0, 0.0, 0.0, 0.0, 0.0, 0.0, 0.0, 0.0, 0.0, 0.0, 0.0, 0.0, 0.0, 0.0, 0.0, 0.0, 0.0, 0.0, 0.0]
	usedVehicles=4
	currentTime=[0.0, 0.0, 59.388888888888886, 47.075053446589735]
	currentQuantity=[11.0, 14.0, 20.0, 20.0]
	total_tour_length=7.430385968468378
	costObjectives=[7.430385968468378, 1.042052315987911]
}

48:

Ant{
	tours=[[-1, 7, 8, 9, 10, 14, 13, 12, -1], [-1, 31, 28, 27, 29, 30, 32, 26, 1, -1], [-1, 11, 18, 17, 21, 20, 19, 25, 23, 15, 16, 22, 24, -1], [-1, 0, 35, 34, 33, 4, 6, 5, 3, 2, -1]]
	tour_lengths=[1.2989939940800341, 1.9141749832198205, 2.341046310067945, 1.8761706811005814]
	beginService=[0.0, 0.25946585683707507, 58.24349374545374, 47.075053446589735, 46.596273780548074, 40.65277777777777, 45.875, 41.55555555555555, 0.1416394309331329, 5.25, 5.736111111111112, 36.31944444444444, 2.5, 47.72493631226447, 46.783127288987984, 45.875, 15.736111111111109, 29.041666666666664, 4.4672547249401005, 3.969602615289471, 7.680555555555555, 5.578751341291767, 5.134306896847322, 42.95833333333333, 13.833333333333332, 59.388888888888886, 8.355570489413031, 57.36623988906251, 54.041666666666664, 8.101170433992525, 54.863260548253145, 55.36885949599527, 6.875, 56.72997060710638, 38.43055555555555, 1.8034651248602172, 0.8811995104514277, 0.0, 0.0, 0.0, 0.0, 0.0, 0.0, 0.0, 0.0, 0.0, 0.0, 0.0, 0.0, 0.0, 0.0, 0.0, 0.0, 0.0, 0.0, 0.0, 0.0, 0.0, 0.0, 0.0, 0.0, 0.0, 0.0, 0.0, 0.0]
	usedVehicles=4
	currentTime=[0.0, 0.0, 59.388888888888886, 47.075053446589735]
	currentQuantity=[11.0, 14.0, 20.0, 20.0]
	total_tour_length=7.430385968468378
	costObjectives=[7.430385968468378, 1.042052315987911]
}

49:

Ant{
	tours=[[-1, 7, 8, 9, 10, 14, 13, 12, -1], [-1, 31, 28, 27, 29, 30, 32, 26, 1, -1], [-1, 11, 18, 17, 21, 20, 19, 25, 23, 15, 16, 22, 24, -1], [-1, 0, 35, 34, 33, 4, 6, 5, 3, 2, -1]]
	tour_lengths=[1.2989939940800341, 1.9141749832198205, 2.341046310067945, 1.8761706811005814]
	beginService=[0.0, 0.25946585683707507, 58.24349374545374, 47.075053446589735, 46.596273780548074, 40.65277777777777, 45.875, 41.55555555555555, 0.1416394309331329, 5.25, 5.736111111111112, 36.31944444444444, 2.5, 47.72493631226447, 46.783127288987984, 45.875, 15.736111111111109, 29.041666666666664, 4.4672547249401005, 3.969602615289471, 7.680555555555555, 5.578751341291767, 5.134306896847322, 42.95833333333333, 13.833333333333332, 59.388888888888886, 8.355570489413031, 57.36623988906251, 54.041666666666664, 8.101170433992525, 54.863260548253145, 55.36885949599527, 6.875, 56.72997060710638, 38.43055555555555, 1.8034651248602172, 0.8811995104514277, 0.0, 0.0, 0.0, 0.0, 0.0, 0.0, 0.0, 0.0, 0.0, 0.0, 0.0, 0.0, 0.0, 0.0, 0.0, 0.0, 0.0, 0.0, 0.0, 0.0, 0.0, 0.0, 0.0, 0.0, 0.0, 0.0, 0.0, 0.0]
	usedVehicles=4
	currentTime=[0.0, 0.0, 59.388888888888886, 47.075053446589735]
	currentQuantity=[11.0, 14.0, 20.0, 20.0]
	total_tour_length=7.430385968468378
	costObjectives=[7.430385968468378, 1.042052315987911]
}

50:

Ant{
	tours=[[-1, 7, 8, 9, 10, 14, 13, 12, -1], [-1, 31, 28, 27, 29, 30, 32, 26, 1, -1], [-1, 11, 18, 17, 21, 20, 19, 25, 23, 15, 16, 22, 24, -1], [-1, 0, 35, 34, 33, 4, 6, 5, 3, 2, -1]]
	tour_lengths=[1.2989939940800341, 1.9141749832198205, 2.341046310067945, 1.8761706811005814]
	beginService=[0.0, 0.25946585683707507, 58.24349374545374, 47.075053446589735, 46.596273780548074, 40.65277777777777, 45.875, 41.55555555555555, 0.1416394309331329, 5.25, 5.736111111111112, 36.31944444444444, 2.5, 47.72493631226447, 46.783127288987984, 45.875, 15.736111111111109, 29.041666666666664, 4.4672547249401005, 3.969602615289471, 7.680555555555555, 5.578751341291767, 5.134306896847322, 42.95833333333333, 13.833333333333332, 59.388888888888886, 8.355570489413031, 57.36623988906251, 54.041666666666664, 8.101170433992525, 54.863260548253145, 55.36885949599527, 6.875, 56.72997060710638, 38.43055555555555, 1.8034651248602172, 0.8811995104514277, 0.0, 0.0, 0.0, 0.0, 0.0, 0.0, 0.0, 0.0, 0.0, 0.0, 0.0, 0.0, 0.0, 0.0, 0.0, 0.0, 0.0, 0.0, 0.0, 0.0, 0.0, 0.0, 0.0, 0.0, 0.0, 0.0, 0.0, 0.0]
	usedVehicles=4
	currentTime=[0.0, 0.0, 59.388888888888886, 47.075053446589735]
	currentQuantity=[11.0, 14.0, 20.0, 20.0]
	total_tour_length=7.430385968468378
	costObjectives=[7.430385968468378, 1.042052315987911]
}

51:

Ant{
	tours=[[-1, 7, 8, 9, 10, 14, 13, 12, -1], [-1, 31, 28, 27, 29, 30, 32, 26, 1, -1], [-1, 11, 18, 17, 21, 20, 19, 25, 23, 15, 16, 22, 24, -1], [-1, 0, 35, 34, 33, 4, 6, 5, 3, 2, -1]]
	tour_lengths=[1.2989939940800341, 1.9141749832198205, 2.341046310067945, 1.8761706811005814]
	beginService=[0.0, 0.25946585683707507, 58.24349374545374, 47.075053446589735, 46.596273780548074, 40.65277777777777, 45.875, 41.55555555555555, 0.1416394309331329, 5.25, 5.736111111111112, 36.31944444444444, 2.5, 47.72493631226447, 46.783127288987984, 45.875, 15.736111111111109, 29.041666666666664, 4.4672547249401005, 3.969602615289471, 7.680555555555555, 5.578751341291767, 5.134306896847322, 42.95833333333333, 13.833333333333332, 59.388888888888886, 8.355570489413031, 57.36623988906251, 54.041666666666664, 8.101170433992525, 54.863260548253145, 55.36885949599527, 6.875, 56.72997060710638, 38.43055555555555, 1.8034651248602172, 0.8811995104514277, 0.0, 0.0, 0.0, 0.0, 0.0, 0.0, 0.0, 0.0, 0.0, 0.0, 0.0, 0.0, 0.0, 0.0, 0.0, 0.0, 0.0, 0.0, 0.0, 0.0, 0.0, 0.0, 0.0, 0.0, 0.0, 0.0, 0.0, 0.0]
	usedVehicles=4
	currentTime=[0.0, 0.0, 59.388888888888886, 47.075053446589735]
	currentQuantity=[11.0, 14.0, 20.0, 20.0]
	total_tour_length=7.430385968468378
	costObjectives=[7.430385968468378, 1.042052315987911]
}

