1:

Ant{
	tours=[[-1, 7, 8, 9, 47, 48, 10, 42, 6, 5, 4, 3, 2, -1], [-1, 31, 36, 28, 44, 41, 43, 23, -1], [-1, 11, 18, 17, 21, 20, 19, 39, 22, 25, 46, 27, 24, 45, -1], [-1, 0, 35, 34, 33, 26, 1, 32, 30, 29, -1], [-1, 38, 15, 16, 49, 37, 14, 12, 13, 40, -1]]
	tour_lengths=[2.043853820637712, 1.872522839960959, 3.07579011535872, 1.9846117982258011, 2.326570293787989]
	beginService=[0.0, 0.25946585683707507, 41.367313179272635, 47.92113290550387, 47.44235323946221, 46.33333333333333, 45.875, 39.64163943093313, 0.1416394309331329, 5.25, 5.736111111111112, 36.31944444444444, 2.5, 46.81944444444445, 47.761253467720934, 45.875, 13.430555555555555, 29.041666666666664, 4.4672547249401005, 3.969602615289471, 7.680555555555555, 5.578751341291767, 5.134306896847322, 42.95833333333333, 14.33589460118742, 59.388888888888886, 43.41666666666666, 40.49005932288141, 54.041666666666664, 9.777994738710614, 43.9142130431399, 42.575280762064445, 6.875, 42.047502984286666, 38.43055555555555, 1.8034651248602172, 0.8811995104514277, 8.083333333333332, 31.75950676881082, 6.152777777777778, 8.364380334189878, 65.69444444444444, 11.930772516488393, 38.666666666666664, 12.445648458319857, 11.06966140537728, 59.87499999999999, 44.374999999999986, 6.463342774652749, 21.11111111111111, 29.7688983302083, 0.0, 0.0, 0.0, 0.0, 0.0, 0.0, 0.0, 0.0, 0.0, 0.0, 0.0, 0.0, 0.0, 0.0]
	usedVehicles=5
	currentTime=[47.92113290550387, 14.33589460118742, 59.87499999999999, 43.9142130431399, 65.69444444444444]
	currentQuantity=[20.0, 18.0, 19.0, 18.0, 16.0]
	total_tour_length=11.303348867971177
	costObjectives=[11.303348867971177, 1.203267275397761]
}

2:

Ant{
	tours=[[-1, 7, 8, 9, 48, 10, 14, 12, 13, 40, -1], [-1, 31, 36, 28, 44, 41, 43, 46, 27, 25, -1], [-1, 11, 18, 17, 21, 20, 19, 39, 15, 37, 16, 49, -1], [-1, 0, 35, 34, 33, 26, 2, 3, 4, 22, 24, 45, -1], [-1, 38, 23, 29, 30, 32, 1, 47, 42, 6, 5, -1]]
	tour_lengths=[1.4917151727077367, 1.9504931590381505, 2.310056536215225, 2.633498875151795, 2.1920273314126013]
	beginService=[0.0, 0.25946585683707507, 18.416720057081, 41.39421237168131, 43.20833333333333, 43.900686572795536, 45.875, 39.64163943093313, 0.1416394309331329, 5.25, 5.736111111111112, 36.31944444444444, 2.5, 46.81944444444445, 47.761253467720934, 45.875, 13.430555555555555, 29.041666666666664, 4.4672547249401005, 3.969602615289471, 7.680555555555555, 5.578751341291767, 5.134306896847322, 45.57312032096183, 13.833333333333332, 59.388888888888886, 54.93055555555555, 40.49005932288141, 54.041666666666664, 9.777994738710614, 15.86982019321373, 16.375419140955856, 6.875, 17.736530252066967, 38.43055555555555, 1.8034651248602172, 0.8811995104514277, 8.083333333333332, 13.922016177876868, 6.152777777777778, 8.364380334189878, 65.69444444444444, 11.930772516488393, 38.666666666666664, 12.445648458319857, 11.06966140537728, 59.87499999999999, 38.666666666666664, 19.228671431268715, 21.11111111111111, 29.7688983302083, 0.0, 0.0, 0.0, 0.0, 0.0, 0.0, 0.0, 0.0, 0.0, 0.0, 0.0, 0.0, 0.0, 0.0]
	usedVehicles=5
	currentTime=[65.69444444444444, 0.0, 29.7688983302083, 59.87499999999999, 45.875]
	currentQuantity=[14.0, 17.0, 20.0, 20.0, 20.0]
	total_tour_length=10.577791074525507
	costObjectives=[10.577791074525507, 1.1417837024440582]
}

3:

Ant{
	tours=[[-1, 7, 8, 9, 47, 42, 6, 5, 4, 3, 1, 2, -1], [-1, 31, 36, 28, 44, 41, 43, 46, 27, 25, 24, 45, -1], [-1, 11, 18, 17, 21, 20, 19, 39, 48, 10, 40, -1], [-1, 0, 35, 34, 32, 30, 29, 33, 26, -1], [-1, 38, 23, 15, 37, 16, 22, 49, 14, 12, 13, -1]]
	tour_lengths=[1.4534473628788223, 2.01934965094216, 1.970015368116575, 2.0729703836029563, 2.618164379535673]
	beginService=[0.0, 0.25946585683707507, 47.93758732626071, 48.382031770705154, 47.44235323946221, 46.33333333333333, 45.875, 39.64163943093313, 0.1416394309331329, 5.25, 5.736111111111112, 36.31944444444444, 2.5, 47.04461676333173, 47.986425786608216, 46.10017231888728, 15.736111111111109, 29.041666666666664, 4.4672547249401005, 3.969602615289471, 7.680555555555555, 5.578751341291767, 5.134306896847322, 42.95833333333333, 13.833333333333332, 59.388888888888886, 54.93055555555555, 40.49005932288141, 54.041666666666664, 9.777994738710614, 5.199338395411253, 3.8604061143357975, 6.875, 3.33262833655802, 38.43055555555555, 1.8034651248602172, 0.8811995104514277, 8.083333333333332, 16.22757173343242, 6.152777777777778, 8.364380334189878, 65.69444444444444, 11.930772516488393, 38.666666666666664, 12.445648458319857, 11.06966140537728, 59.87499999999999, 38.666666666666664, 6.463342774652749, 21.11111111111111, 43.67417582261858, 0.0, 0.0, 0.0, 0.0, 0.0, 0.0, 0.0, 0.0, 0.0, 0.0, 0.0, 0.0, 0.0, 0.0]
	usedVehicles=5
	currentTime=[48.382031770705154, 59.87499999999999, 65.69444444444444, 40.49005932288141, 47.986425786608216]
	currentQuantity=[19.0, 19.0, 17.0, 17.0, 19.0]
	total_tour_length=10.133947145076188
	costObjectives=[10.133947145076188, 1.1647170166568506]
}

4:

Ant{
	tours=[[-1, 7, 8, 9, 47, 6, 5, 4, 42, 3, 2, 1, -1], [-1, 31, 36, 28, 44, 41, 43, 46, 27, 25, 24, 45, -1], [-1, 11, 18, 17, 21, 20, 19, 39, 48, 10, 40, -1], [-1, 0, 35, 34, 33, 30, 29, 32, 26, -1], [-1, 38, 23, 15, 37, 16, 22, 49, 13, 14, 12, -1]]
	tour_lengths=[1.5908744262810508, 2.01934965094216, 1.9700153681165753, 1.692856921498972, 2.423687594431611]
	beginService=[0.0, 0.25946585683707507, 49.79575305137252, 48.93464194026141, 48.45586227421975, 46.33333333333333, 45.875, 38.43055555555555, 0.1416394309331329, 5.25, 5.736111111111112, 36.31944444444444, 2.5, 47.88785866716212, 46.03528693372969, 46.94341422271767, 15.736111111111109, 29.041666666666664, 4.4672547249401005, 3.969602615289471, 7.680555555555555, 5.578751341291767, 5.134306896847322, 42.95833333333333, 13.833333333333332, 59.388888888888886, 54.93055555555555, 43.019359293920864, 54.041666666666664, 9.777994738710614, 41.78586778974251, 40.44693550866705, 6.875, 42.38309001196473, 38.43055555555555, 1.8034651248602172, 0.8811995104514277, 8.083333333333332, 16.22757173343242, 6.152777777777778, 8.364380334189878, 65.69444444444444, 11.930772516488393, 47.33620216132963, 12.445648458319857, 11.06966140537728, 59.87499999999999, 38.666666666666664, 6.463342774652749, 21.11111111111111, 43.67417582261858, 0.0, 0.0, 0.0, 0.0, 0.0, 0.0, 0.0, 0.0, 0.0, 0.0, 0.0, 0.0, 0.0, 0.0]
	usedVehicles=5
	currentTime=[49.79575305137252, 59.87499999999999, 65.69444444444444, 0.0, 47.88785866716212]
	currentQuantity=[19.0, 19.0, 17.0, 17.0, 19.0]
	total_tour_length=9.696783961270373
	costObjectives=[9.696783961270373, 0.8328131681505604]
}

5:

Ant{
	tours=[[-1, 7, 8, 9, 47, 6, 5, 4, 42, 3, 2, 1, -1], [-1, 31, 36, 28, 44, 41, 43, 46, 27, 25, 24, 45, -1], [-1, 11, 18, 17, 21, 20, 19, 39, 48, 10, 40, -1], [-1, 0, 35, 34, 33, 30, 29, 32, 26, -1], [-1, 38, 23, 15, 37, 16, 22, 49, 13, 14, 12, -1]]
	tour_lengths=[1.5908744262810508, 2.01934965094216, 1.9700153681165753, 1.692856921498972, 2.423687594431611]
	beginService=[0.0, 0.25946585683707507, 49.79575305137252, 48.93464194026141, 48.45586227421975, 46.33333333333333, 45.875, 38.43055555555555, 0.1416394309331329, 5.25, 5.736111111111112, 36.31944444444444, 2.5, 47.88785866716212, 46.03528693372969, 46.94341422271767, 15.736111111111109, 29.041666666666664, 4.4672547249401005, 3.969602615289471, 7.680555555555555, 5.578751341291767, 5.134306896847322, 42.95833333333333, 13.833333333333332, 59.388888888888886, 54.93055555555555, 43.019359293920864, 54.041666666666664, 9.777994738710614, 41.78586778974251, 40.44693550866705, 6.875, 42.38309001196473, 38.43055555555555, 1.8034651248602172, 0.8811995104514277, 8.083333333333332, 16.22757173343242, 6.152777777777778, 8.364380334189878, 65.69444444444444, 11.930772516488393, 47.33620216132963, 12.445648458319857, 11.06966140537728, 59.87499999999999, 38.666666666666664, 6.463342774652749, 21.11111111111111, 43.67417582261858, 0.0, 0.0, 0.0, 0.0, 0.0, 0.0, 0.0, 0.0, 0.0, 0.0, 0.0, 0.0, 0.0, 0.0]
	usedVehicles=5
	currentTime=[49.79575305137252, 59.87499999999999, 65.69444444444444, 0.0, 47.88785866716212]
	currentQuantity=[19.0, 19.0, 17.0, 17.0, 19.0]
	total_tour_length=9.696783961270373
	costObjectives=[9.696783961270373, 0.8328131681505604]
}

6:

Ant{
	tours=[[-1, 7, 8, 9, 47, 6, 5, 4, 42, 3, 2, 1, -1], [-1, 31, 36, 28, 44, 41, 43, 46, 27, 25, 24, 45, -1], [-1, 11, 18, 17, 21, 20, 19, 39, 48, 10, 40, -1], [-1, 0, 35, 34, 33, 30, 29, 32, 26, -1], [-1, 38, 23, 15, 37, 16, 22, 49, 13, 14, 12, -1]]
	tour_lengths=[1.5908744262810508, 2.01934965094216, 1.9700153681165753, 1.692856921498972, 2.423687594431611]
	beginService=[0.0, 0.25946585683707507, 49.79575305137252, 48.93464194026141, 48.45586227421975, 46.33333333333333, 45.875, 38.43055555555555, 0.1416394309331329, 5.25, 5.736111111111112, 36.31944444444444, 2.5, 47.88785866716212, 46.03528693372969, 46.94341422271767, 15.736111111111109, 29.041666666666664, 4.4672547249401005, 3.969602615289471, 7.680555555555555, 5.578751341291767, 5.134306896847322, 42.95833333333333, 13.833333333333332, 59.388888888888886, 54.93055555555555, 43.019359293920864, 54.041666666666664, 9.777994738710614, 41.78586778974251, 40.44693550866705, 6.875, 42.38309001196473, 38.43055555555555, 1.8034651248602172, 0.8811995104514277, 8.083333333333332, 16.22757173343242, 6.152777777777778, 8.364380334189878, 65.69444444444444, 11.930772516488393, 47.33620216132963, 12.445648458319857, 11.06966140537728, 59.87499999999999, 38.666666666666664, 6.463342774652749, 21.11111111111111, 43.67417582261858, 0.0, 0.0, 0.0, 0.0, 0.0, 0.0, 0.0, 0.0, 0.0, 0.0, 0.0, 0.0, 0.0, 0.0]
	usedVehicles=5
	currentTime=[49.79575305137252, 59.87499999999999, 65.69444444444444, 0.0, 47.88785866716212]
	currentQuantity=[19.0, 19.0, 17.0, 17.0, 19.0]
	total_tour_length=9.696783961270373
	costObjectives=[9.696783961270373, 0.8328131681505604]
}

7:

Ant{
	tours=[[-1, 7, 8, 9, 47, 6, 5, 4, 42, 3, 2, 1, -1], [-1, 31, 36, 28, 44, 41, 43, 46, 27, 25, 24, 45, -1], [-1, 11, 18, 17, 21, 20, 19, 39, 48, 10, 40, -1], [-1, 0, 35, 34, 33, 30, 29, 32, 26, -1], [-1, 38, 23, 15, 37, 16, 22, 49, 13, 14, 12, -1]]
	tour_lengths=[1.5908744262810508, 2.01934965094216, 1.9700153681165753, 1.692856921498972, 2.423687594431611]
	beginService=[0.0, 0.25946585683707507, 49.79575305137252, 48.93464194026141, 48.45586227421975, 46.33333333333333, 45.875, 38.43055555555555, 0.1416394309331329, 5.25, 5.736111111111112, 36.31944444444444, 2.5, 47.88785866716212, 46.03528693372969, 46.94341422271767, 15.736111111111109, 29.041666666666664, 4.4672547249401005, 3.969602615289471, 7.680555555555555, 5.578751341291767, 5.134306896847322, 42.95833333333333, 13.833333333333332, 59.388888888888886, 54.93055555555555, 43.019359293920864, 54.041666666666664, 9.777994738710614, 41.78586778974251, 40.44693550866705, 6.875, 42.38309001196473, 38.43055555555555, 1.8034651248602172, 0.8811995104514277, 8.083333333333332, 16.22757173343242, 6.152777777777778, 8.364380334189878, 65.69444444444444, 11.930772516488393, 47.33620216132963, 12.445648458319857, 11.06966140537728, 59.87499999999999, 38.666666666666664, 6.463342774652749, 21.11111111111111, 43.67417582261858, 0.0, 0.0, 0.0, 0.0, 0.0, 0.0, 0.0, 0.0, 0.0, 0.0, 0.0, 0.0, 0.0, 0.0]
	usedVehicles=5
	currentTime=[49.79575305137252, 59.87499999999999, 65.69444444444444, 0.0, 47.88785866716212]
	currentQuantity=[19.0, 19.0, 17.0, 17.0, 19.0]
	total_tour_length=9.696783961270373
	costObjectives=[9.696783961270373, 0.8328131681505604]
}

8:

Ant{
	tours=[[-1, 7, 8, 9, 47, 6, 5, 4, 42, 3, 2, 1, -1], [-1, 31, 36, 28, 44, 41, 43, 46, 27, 25, 24, 45, -1], [-1, 11, 18, 17, 21, 20, 19, 39, 48, 10, 40, -1], [-1, 0, 35, 34, 33, 30, 29, 32, 26, -1], [-1, 38, 23, 15, 37, 16, 22, 49, 13, 14, 12, -1]]
	tour_lengths=[1.5908744262810508, 2.01934965094216, 1.9700153681165753, 1.692856921498972, 2.423687594431611]
	beginService=[0.0, 0.25946585683707507, 49.79575305137252, 48.93464194026141, 48.45586227421975, 46.33333333333333, 45.875, 38.43055555555555, 0.1416394309331329, 5.25, 5.736111111111112, 36.31944444444444, 2.5, 47.88785866716212, 46.03528693372969, 46.94341422271767, 15.736111111111109, 29.041666666666664, 4.4672547249401005, 3.969602615289471, 7.680555555555555, 5.578751341291767, 5.134306896847322, 42.95833333333333, 13.833333333333332, 59.388888888888886, 54.93055555555555, 43.019359293920864, 54.041666666666664, 9.777994738710614, 41.78586778974251, 40.44693550866705, 6.875, 42.38309001196473, 38.43055555555555, 1.8034651248602172, 0.8811995104514277, 8.083333333333332, 16.22757173343242, 6.152777777777778, 8.364380334189878, 65.69444444444444, 11.930772516488393, 47.33620216132963, 12.445648458319857, 11.06966140537728, 59.87499999999999, 38.666666666666664, 6.463342774652749, 21.11111111111111, 43.67417582261858, 0.0, 0.0, 0.0, 0.0, 0.0, 0.0, 0.0, 0.0, 0.0, 0.0, 0.0, 0.0, 0.0, 0.0]
	usedVehicles=5
	currentTime=[49.79575305137252, 59.87499999999999, 65.69444444444444, 0.0, 47.88785866716212]
	currentQuantity=[19.0, 19.0, 17.0, 17.0, 19.0]
	total_tour_length=9.696783961270373
	costObjectives=[9.696783961270373, 0.8328131681505604]
}

9:

Ant{
	tours=[[-1, 7, 8, 9, 47, 6, 5, 4, 42, 3, 2, 1, -1], [-1, 31, 36, 28, 44, 41, 43, 46, 27, 25, 24, 45, -1], [-1, 11, 18, 17, 21, 20, 19, 39, 48, 10, 40, -1], [-1, 0, 35, 34, 33, 30, 29, 32, 26, -1], [-1, 38, 23, 15, 37, 16, 22, 49, 13, 14, 12, -1]]
	tour_lengths=[1.5908744262810508, 2.01934965094216, 1.9700153681165753, 1.692856921498972, 2.423687594431611]
	beginService=[0.0, 0.25946585683707507, 49.79575305137252, 48.93464194026141, 48.45586227421975, 46.33333333333333, 45.875, 38.43055555555555, 0.1416394309331329, 5.25, 5.736111111111112, 36.31944444444444, 2.5, 47.88785866716212, 46.03528693372969, 46.94341422271767, 15.736111111111109, 29.041666666666664, 4.4672547249401005, 3.969602615289471, 7.680555555555555, 5.578751341291767, 5.134306896847322, 42.95833333333333, 13.833333333333332, 59.388888888888886, 54.93055555555555, 43.019359293920864, 54.041666666666664, 9.777994738710614, 41.78586778974251, 40.44693550866705, 6.875, 42.38309001196473, 38.43055555555555, 1.8034651248602172, 0.8811995104514277, 8.083333333333332, 16.22757173343242, 6.152777777777778, 8.364380334189878, 65.69444444444444, 11.930772516488393, 47.33620216132963, 12.445648458319857, 11.06966140537728, 59.87499999999999, 38.666666666666664, 6.463342774652749, 21.11111111111111, 43.67417582261858, 0.0, 0.0, 0.0, 0.0, 0.0, 0.0, 0.0, 0.0, 0.0, 0.0, 0.0, 0.0, 0.0, 0.0]
	usedVehicles=5
	currentTime=[49.79575305137252, 59.87499999999999, 65.69444444444444, 0.0, 47.88785866716212]
	currentQuantity=[19.0, 19.0, 17.0, 17.0, 19.0]
	total_tour_length=9.696783961270373
	costObjectives=[9.696783961270373, 0.8328131681505604]
}

10:

Ant{
	tours=[[-1, 7, 8, 9, 47, 6, 5, 4, 42, 3, 2, 1, -1], [-1, 31, 36, 28, 44, 41, 43, 46, 27, 25, 24, 45, -1], [-1, 11, 18, 17, 21, 20, 19, 39, 48, 10, 40, -1], [-1, 0, 35, 34, 33, 30, 29, 32, 26, -1], [-1, 38, 23, 15, 37, 16, 22, 49, 13, 14, 12, -1]]
	tour_lengths=[1.5908744262810508, 2.01934965094216, 1.9700153681165753, 1.692856921498972, 2.423687594431611]
	beginService=[0.0, 0.25946585683707507, 49.79575305137252, 48.93464194026141, 48.45586227421975, 46.33333333333333, 45.875, 38.43055555555555, 0.1416394309331329, 5.25, 5.736111111111112, 36.31944444444444, 2.5, 47.88785866716212, 46.03528693372969, 46.94341422271767, 15.736111111111109, 29.041666666666664, 4.4672547249401005, 3.969602615289471, 7.680555555555555, 5.578751341291767, 5.134306896847322, 42.95833333333333, 13.833333333333332, 59.388888888888886, 54.93055555555555, 43.019359293920864, 54.041666666666664, 9.777994738710614, 41.78586778974251, 40.44693550866705, 6.875, 42.38309001196473, 38.43055555555555, 1.8034651248602172, 0.8811995104514277, 8.083333333333332, 16.22757173343242, 6.152777777777778, 8.364380334189878, 65.69444444444444, 11.930772516488393, 47.33620216132963, 12.445648458319857, 11.06966140537728, 59.87499999999999, 38.666666666666664, 6.463342774652749, 21.11111111111111, 43.67417582261858, 0.0, 0.0, 0.0, 0.0, 0.0, 0.0, 0.0, 0.0, 0.0, 0.0, 0.0, 0.0, 0.0, 0.0]
	usedVehicles=5
	currentTime=[49.79575305137252, 59.87499999999999, 65.69444444444444, 0.0, 47.88785866716212]
	currentQuantity=[19.0, 19.0, 17.0, 17.0, 19.0]
	total_tour_length=9.696783961270373
	costObjectives=[9.696783961270373, 0.8328131681505604]
}

11:

Ant{
	tours=[[-1, 7, 8, 9, 47, 6, 5, 4, 42, 3, 2, 1, -1], [-1, 31, 36, 28, 44, 41, 43, 46, 27, 25, 24, 45, -1], [-1, 11, 18, 17, 21, 20, 19, 39, 48, 10, 40, -1], [-1, 0, 35, 34, 33, 30, 29, 32, 26, -1], [-1, 38, 23, 15, 37, 16, 22, 49, 13, 14, 12, -1]]
	tour_lengths=[1.5908744262810508, 2.01934965094216, 1.9700153681165753, 1.692856921498972, 2.423687594431611]
	beginService=[0.0, 0.25946585683707507, 49.79575305137252, 48.93464194026141, 48.45586227421975, 46.33333333333333, 45.875, 38.43055555555555, 0.1416394309331329, 5.25, 5.736111111111112, 36.31944444444444, 2.5, 47.88785866716212, 46.03528693372969, 46.94341422271767, 15.736111111111109, 29.041666666666664, 4.4672547249401005, 3.969602615289471, 7.680555555555555, 5.578751341291767, 5.134306896847322, 42.95833333333333, 13.833333333333332, 59.388888888888886, 54.93055555555555, 43.019359293920864, 54.041666666666664, 9.777994738710614, 41.78586778974251, 40.44693550866705, 6.875, 42.38309001196473, 38.43055555555555, 1.8034651248602172, 0.8811995104514277, 8.083333333333332, 16.22757173343242, 6.152777777777778, 8.364380334189878, 65.69444444444444, 11.930772516488393, 47.33620216132963, 12.445648458319857, 11.06966140537728, 59.87499999999999, 38.666666666666664, 6.463342774652749, 21.11111111111111, 43.67417582261858, 0.0, 0.0, 0.0, 0.0, 0.0, 0.0, 0.0, 0.0, 0.0, 0.0, 0.0, 0.0, 0.0, 0.0]
	usedVehicles=5
	currentTime=[49.79575305137252, 59.87499999999999, 65.69444444444444, 0.0, 47.88785866716212]
	currentQuantity=[19.0, 19.0, 17.0, 17.0, 19.0]
	total_tour_length=9.696783961270373
	costObjectives=[9.696783961270373, 0.8328131681505604]
}

12:

Ant{
	tours=[[-1, 7, 8, 9, 47, 6, 5, 4, 42, 3, 2, 1, -1], [-1, 31, 36, 28, 44, 41, 43, 46, 27, 25, 24, 45, -1], [-1, 11, 18, 17, 21, 20, 19, 39, 48, 10, 40, -1], [-1, 0, 35, 34, 33, 30, 29, 32, 26, -1], [-1, 38, 23, 15, 37, 16, 22, 49, 13, 14, 12, -1]]
	tour_lengths=[1.5908744262810508, 2.01934965094216, 1.9700153681165753, 1.692856921498972, 2.423687594431611]
	beginService=[0.0, 0.25946585683707507, 49.79575305137252, 48.93464194026141, 48.45586227421975, 46.33333333333333, 45.875, 38.43055555555555, 0.1416394309331329, 5.25, 5.736111111111112, 36.31944444444444, 2.5, 47.88785866716212, 46.03528693372969, 46.94341422271767, 15.736111111111109, 29.041666666666664, 4.4672547249401005, 3.969602615289471, 7.680555555555555, 5.578751341291767, 5.134306896847322, 42.95833333333333, 13.833333333333332, 59.388888888888886, 54.93055555555555, 43.019359293920864, 54.041666666666664, 9.777994738710614, 41.78586778974251, 40.44693550866705, 6.875, 42.38309001196473, 38.43055555555555, 1.8034651248602172, 0.8811995104514277, 8.083333333333332, 16.22757173343242, 6.152777777777778, 8.364380334189878, 65.69444444444444, 11.930772516488393, 47.33620216132963, 12.445648458319857, 11.06966140537728, 59.87499999999999, 38.666666666666664, 6.463342774652749, 21.11111111111111, 43.67417582261858, 0.0, 0.0, 0.0, 0.0, 0.0, 0.0, 0.0, 0.0, 0.0, 0.0, 0.0, 0.0, 0.0, 0.0]
	usedVehicles=5
	currentTime=[49.79575305137252, 59.87499999999999, 65.69444444444444, 0.0, 47.88785866716212]
	currentQuantity=[19.0, 19.0, 17.0, 17.0, 19.0]
	total_tour_length=9.696783961270373
	costObjectives=[9.696783961270373, 0.8328131681505604]
}

13:

Ant{
	tours=[[-1, 7, 8, 9, 47, 6, 5, 4, 42, 3, 2, 1, -1], [-1, 31, 36, 28, 44, 41, 43, 46, 27, 25, 24, 45, -1], [-1, 11, 18, 17, 21, 20, 19, 39, 48, 10, 40, -1], [-1, 0, 35, 34, 33, 30, 29, 32, 26, -1], [-1, 38, 23, 15, 37, 16, 22, 49, 13, 14, 12, -1]]
	tour_lengths=[1.5908744262810508, 2.01934965094216, 1.9700153681165753, 1.692856921498972, 2.423687594431611]
	beginService=[0.0, 0.25946585683707507, 49.79575305137252, 48.93464194026141, 48.45586227421975, 46.33333333333333, 45.875, 38.43055555555555, 0.1416394309331329, 5.25, 5.736111111111112, 36.31944444444444, 2.5, 47.88785866716212, 46.03528693372969, 46.94341422271767, 15.736111111111109, 29.041666666666664, 4.4672547249401005, 3.969602615289471, 7.680555555555555, 5.578751341291767, 5.134306896847322, 42.95833333333333, 13.833333333333332, 59.388888888888886, 54.93055555555555, 43.019359293920864, 54.041666666666664, 9.777994738710614, 41.78586778974251, 40.44693550866705, 6.875, 42.38309001196473, 38.43055555555555, 1.8034651248602172, 0.8811995104514277, 8.083333333333332, 16.22757173343242, 6.152777777777778, 8.364380334189878, 65.69444444444444, 11.930772516488393, 47.33620216132963, 12.445648458319857, 11.06966140537728, 59.87499999999999, 38.666666666666664, 6.463342774652749, 21.11111111111111, 43.67417582261858, 0.0, 0.0, 0.0, 0.0, 0.0, 0.0, 0.0, 0.0, 0.0, 0.0, 0.0, 0.0, 0.0, 0.0]
	usedVehicles=5
	currentTime=[49.79575305137252, 59.87499999999999, 65.69444444444444, 0.0, 47.88785866716212]
	currentQuantity=[19.0, 19.0, 17.0, 17.0, 19.0]
	total_tour_length=9.696783961270373
	costObjectives=[9.696783961270373, 0.8328131681505604]
}

14:

Ant{
	tours=[[-1, 7, 8, 9, 47, 6, 5, 4, 42, 3, 2, 1, -1], [-1, 31, 36, 28, 44, 41, 43, 46, 27, 25, 24, 45, -1], [-1, 11, 18, 17, 21, 20, 19, 39, 48, 10, 40, -1], [-1, 0, 35, 34, 33, 30, 29, 32, 26, -1], [-1, 38, 23, 15, 37, 16, 22, 49, 13, 14, 12, -1]]
	tour_lengths=[1.5908744262810508, 2.01934965094216, 1.9700153681165753, 1.692856921498972, 2.423687594431611]
	beginService=[0.0, 0.25946585683707507, 49.79575305137252, 48.93464194026141, 48.45586227421975, 46.33333333333333, 45.875, 38.43055555555555, 0.1416394309331329, 5.25, 5.736111111111112, 36.31944444444444, 2.5, 47.88785866716212, 46.03528693372969, 46.94341422271767, 15.736111111111109, 29.041666666666664, 4.4672547249401005, 3.969602615289471, 7.680555555555555, 5.578751341291767, 5.134306896847322, 42.95833333333333, 13.833333333333332, 59.388888888888886, 54.93055555555555, 43.019359293920864, 54.041666666666664, 9.777994738710614, 41.78586778974251, 40.44693550866705, 6.875, 42.38309001196473, 38.43055555555555, 1.8034651248602172, 0.8811995104514277, 8.083333333333332, 16.22757173343242, 6.152777777777778, 8.364380334189878, 65.69444444444444, 11.930772516488393, 47.33620216132963, 12.445648458319857, 11.06966140537728, 59.87499999999999, 38.666666666666664, 6.463342774652749, 21.11111111111111, 43.67417582261858, 0.0, 0.0, 0.0, 0.0, 0.0, 0.0, 0.0, 0.0, 0.0, 0.0, 0.0, 0.0, 0.0, 0.0]
	usedVehicles=5
	currentTime=[49.79575305137252, 59.87499999999999, 65.69444444444444, 0.0, 47.88785866716212]
	currentQuantity=[19.0, 19.0, 17.0, 17.0, 19.0]
	total_tour_length=9.696783961270373
	costObjectives=[9.696783961270373, 0.8328131681505604]
}

15:

Ant{
	tours=[[-1, 7, 8, 9, 47, 6, 5, 4, 42, 3, 2, 1, -1], [-1, 31, 36, 28, 44, 41, 43, 46, 27, 25, 24, 45, -1], [-1, 11, 18, 17, 21, 20, 19, 39, 48, 10, 40, -1], [-1, 0, 35, 34, 33, 30, 29, 32, 26, -1], [-1, 38, 23, 15, 37, 16, 22, 49, 13, 14, 12, -1]]
	tour_lengths=[1.5908744262810508, 2.01934965094216, 1.9700153681165753, 1.692856921498972, 2.423687594431611]
	beginService=[0.0, 0.25946585683707507, 49.79575305137252, 48.93464194026141, 48.45586227421975, 46.33333333333333, 45.875, 38.43055555555555, 0.1416394309331329, 5.25, 5.736111111111112, 36.31944444444444, 2.5, 47.88785866716212, 46.03528693372969, 46.94341422271767, 15.736111111111109, 29.041666666666664, 4.4672547249401005, 3.969602615289471, 7.680555555555555, 5.578751341291767, 5.134306896847322, 42.95833333333333, 13.833333333333332, 59.388888888888886, 54.93055555555555, 43.019359293920864, 54.041666666666664, 9.777994738710614, 41.78586778974251, 40.44693550866705, 6.875, 42.38309001196473, 38.43055555555555, 1.8034651248602172, 0.8811995104514277, 8.083333333333332, 16.22757173343242, 6.152777777777778, 8.364380334189878, 65.69444444444444, 11.930772516488393, 47.33620216132963, 12.445648458319857, 11.06966140537728, 59.87499999999999, 38.666666666666664, 6.463342774652749, 21.11111111111111, 43.67417582261858, 0.0, 0.0, 0.0, 0.0, 0.0, 0.0, 0.0, 0.0, 0.0, 0.0, 0.0, 0.0, 0.0, 0.0]
	usedVehicles=5
	currentTime=[49.79575305137252, 59.87499999999999, 65.69444444444444, 0.0, 47.88785866716212]
	currentQuantity=[19.0, 19.0, 17.0, 17.0, 19.0]
	total_tour_length=9.696783961270373
	costObjectives=[9.696783961270373, 0.8328131681505604]
}

16:

Ant{
	tours=[[-1, 7, 8, 9, 47, 6, 5, 4, 42, 3, 2, 1, -1], [-1, 31, 36, 28, 44, 41, 43, 46, 27, 25, 24, 45, -1], [-1, 11, 18, 17, 21, 20, 19, 39, 48, 10, 40, -1], [-1, 0, 35, 34, 33, 30, 29, 32, 26, -1], [-1, 38, 23, 15, 37, 16, 22, 49, 13, 14, 12, -1]]
	tour_lengths=[1.5908744262810508, 2.01934965094216, 1.9700153681165753, 1.692856921498972, 2.423687594431611]
	beginService=[0.0, 0.25946585683707507, 49.79575305137252, 48.93464194026141, 48.45586227421975, 46.33333333333333, 45.875, 38.43055555555555, 0.1416394309331329, 5.25, 5.736111111111112, 36.31944444444444, 2.5, 47.88785866716212, 46.03528693372969, 46.94341422271767, 15.736111111111109, 29.041666666666664, 4.4672547249401005, 3.969602615289471, 7.680555555555555, 5.578751341291767, 5.134306896847322, 42.95833333333333, 13.833333333333332, 59.388888888888886, 54.93055555555555, 43.019359293920864, 54.041666666666664, 9.777994738710614, 41.78586778974251, 40.44693550866705, 6.875, 42.38309001196473, 38.43055555555555, 1.8034651248602172, 0.8811995104514277, 8.083333333333332, 16.22757173343242, 6.152777777777778, 8.364380334189878, 65.69444444444444, 11.930772516488393, 47.33620216132963, 12.445648458319857, 11.06966140537728, 59.87499999999999, 38.666666666666664, 6.463342774652749, 21.11111111111111, 43.67417582261858, 0.0, 0.0, 0.0, 0.0, 0.0, 0.0, 0.0, 0.0, 0.0, 0.0, 0.0, 0.0, 0.0, 0.0]
	usedVehicles=5
	currentTime=[49.79575305137252, 59.87499999999999, 65.69444444444444, 0.0, 47.88785866716212]
	currentQuantity=[19.0, 19.0, 17.0, 17.0, 19.0]
	total_tour_length=9.696783961270373
	costObjectives=[9.696783961270373, 0.8328131681505604]
}

17:

Ant{
	tours=[[-1, 7, 8, 9, 47, 6, 5, 4, 42, 3, 2, 1, -1], [-1, 31, 36, 28, 44, 41, 43, 46, 27, 25, 24, 45, -1], [-1, 11, 18, 17, 21, 20, 19, 39, 48, 10, 40, -1], [-1, 0, 35, 34, 33, 30, 29, 32, 26, -1], [-1, 38, 23, 15, 37, 16, 22, 49, 13, 14, 12, -1]]
	tour_lengths=[1.5908744262810508, 2.01934965094216, 1.9700153681165753, 1.692856921498972, 2.423687594431611]
	beginService=[0.0, 0.25946585683707507, 49.79575305137252, 48.93464194026141, 48.45586227421975, 46.33333333333333, 45.875, 38.43055555555555, 0.1416394309331329, 5.25, 5.736111111111112, 36.31944444444444, 2.5, 47.88785866716212, 46.03528693372969, 46.94341422271767, 15.736111111111109, 29.041666666666664, 4.4672547249401005, 3.969602615289471, 7.680555555555555, 5.578751341291767, 5.134306896847322, 42.95833333333333, 13.833333333333332, 59.388888888888886, 54.93055555555555, 43.019359293920864, 54.041666666666664, 9.777994738710614, 41.78586778974251, 40.44693550866705, 6.875, 42.38309001196473, 38.43055555555555, 1.8034651248602172, 0.8811995104514277, 8.083333333333332, 16.22757173343242, 6.152777777777778, 8.364380334189878, 65.69444444444444, 11.930772516488393, 47.33620216132963, 12.445648458319857, 11.06966140537728, 59.87499999999999, 38.666666666666664, 6.463342774652749, 21.11111111111111, 43.67417582261858, 0.0, 0.0, 0.0, 0.0, 0.0, 0.0, 0.0, 0.0, 0.0, 0.0, 0.0, 0.0, 0.0, 0.0]
	usedVehicles=5
	currentTime=[49.79575305137252, 59.87499999999999, 65.69444444444444, 0.0, 47.88785866716212]
	currentQuantity=[19.0, 19.0, 17.0, 17.0, 19.0]
	total_tour_length=9.696783961270373
	costObjectives=[9.696783961270373, 0.8328131681505604]
}

18:

Ant{
	tours=[[-1, 7, 8, 9, 47, 6, 5, 4, 42, 3, 2, 1, -1], [-1, 31, 36, 28, 44, 41, 43, 46, 27, 25, 24, 45, -1], [-1, 11, 18, 17, 21, 20, 19, 39, 48, 10, 40, -1], [-1, 0, 35, 34, 33, 30, 29, 32, 26, -1], [-1, 38, 23, 15, 37, 16, 22, 49, 13, 14, 12, -1]]
	tour_lengths=[1.5908744262810508, 2.01934965094216, 1.9700153681165753, 1.692856921498972, 2.423687594431611]
	beginService=[0.0, 0.25946585683707507, 49.79575305137252, 48.93464194026141, 48.45586227421975, 46.33333333333333, 45.875, 38.43055555555555, 0.1416394309331329, 5.25, 5.736111111111112, 36.31944444444444, 2.5, 47.88785866716212, 46.03528693372969, 46.94341422271767, 15.736111111111109, 29.041666666666664, 4.4672547249401005, 3.969602615289471, 7.680555555555555, 5.578751341291767, 5.134306896847322, 42.95833333333333, 13.833333333333332, 59.388888888888886, 54.93055555555555, 43.019359293920864, 54.041666666666664, 9.777994738710614, 41.78586778974251, 40.44693550866705, 6.875, 42.38309001196473, 38.43055555555555, 1.8034651248602172, 0.8811995104514277, 8.083333333333332, 16.22757173343242, 6.152777777777778, 8.364380334189878, 65.69444444444444, 11.930772516488393, 47.33620216132963, 12.445648458319857, 11.06966140537728, 59.87499999999999, 38.666666666666664, 6.463342774652749, 21.11111111111111, 43.67417582261858, 0.0, 0.0, 0.0, 0.0, 0.0, 0.0, 0.0, 0.0, 0.0, 0.0, 0.0, 0.0, 0.0, 0.0]
	usedVehicles=5
	currentTime=[49.79575305137252, 59.87499999999999, 65.69444444444444, 0.0, 47.88785866716212]
	currentQuantity=[19.0, 19.0, 17.0, 17.0, 19.0]
	total_tour_length=9.696783961270373
	costObjectives=[9.696783961270373, 0.8328131681505604]
}

19:

Ant{
	tours=[[-1, 7, 8, 9, 47, 6, 5, 4, 42, 3, 2, 1, -1], [-1, 31, 36, 28, 44, 41, 43, 46, 27, 25, 24, 45, -1], [-1, 11, 18, 17, 21, 20, 19, 39, 48, 10, 40, -1], [-1, 0, 35, 34, 33, 30, 29, 32, 26, -1], [-1, 38, 23, 15, 37, 16, 22, 49, 13, 14, 12, -1]]
	tour_lengths=[1.5908744262810508, 2.01934965094216, 1.9700153681165753, 1.692856921498972, 2.423687594431611]
	beginService=[0.0, 0.25946585683707507, 49.79575305137252, 48.93464194026141, 48.45586227421975, 46.33333333333333, 45.875, 38.43055555555555, 0.1416394309331329, 5.25, 5.736111111111112, 36.31944444444444, 2.5, 47.88785866716212, 46.03528693372969, 46.94341422271767, 15.736111111111109, 29.041666666666664, 4.4672547249401005, 3.969602615289471, 7.680555555555555, 5.578751341291767, 5.134306896847322, 42.95833333333333, 13.833333333333332, 59.388888888888886, 54.93055555555555, 43.019359293920864, 54.041666666666664, 9.777994738710614, 41.78586778974251, 40.44693550866705, 6.875, 42.38309001196473, 38.43055555555555, 1.8034651248602172, 0.8811995104514277, 8.083333333333332, 16.22757173343242, 6.152777777777778, 8.364380334189878, 65.69444444444444, 11.930772516488393, 47.33620216132963, 12.445648458319857, 11.06966140537728, 59.87499999999999, 38.666666666666664, 6.463342774652749, 21.11111111111111, 43.67417582261858, 0.0, 0.0, 0.0, 0.0, 0.0, 0.0, 0.0, 0.0, 0.0, 0.0, 0.0, 0.0, 0.0, 0.0]
	usedVehicles=5
	currentTime=[49.79575305137252, 59.87499999999999, 65.69444444444444, 0.0, 47.88785866716212]
	currentQuantity=[19.0, 19.0, 17.0, 17.0, 19.0]
	total_tour_length=9.696783961270373
	costObjectives=[9.696783961270373, 0.8328131681505604]
}

20:

Ant{
	tours=[[-1, 7, 8, 9, 47, 6, 5, 4, 42, 3, 2, 1, -1], [-1, 31, 36, 28, 44, 41, 43, 46, 27, 25, 24, 45, -1], [-1, 11, 18, 17, 21, 20, 19, 39, 48, 10, 40, -1], [-1, 0, 35, 34, 33, 30, 29, 32, 26, -1], [-1, 38, 23, 15, 37, 16, 22, 49, 13, 14, 12, -1]]
	tour_lengths=[1.5908744262810508, 2.01934965094216, 1.9700153681165753, 1.692856921498972, 2.423687594431611]
	beginService=[0.0, 0.25946585683707507, 49.79575305137252, 48.93464194026141, 48.45586227421975, 46.33333333333333, 45.875, 38.43055555555555, 0.1416394309331329, 5.25, 5.736111111111112, 36.31944444444444, 2.5, 47.88785866716212, 46.03528693372969, 46.94341422271767, 15.736111111111109, 29.041666666666664, 4.4672547249401005, 3.969602615289471, 7.680555555555555, 5.578751341291767, 5.134306896847322, 42.95833333333333, 13.833333333333332, 59.388888888888886, 54.93055555555555, 43.019359293920864, 54.041666666666664, 9.777994738710614, 41.78586778974251, 40.44693550866705, 6.875, 42.38309001196473, 38.43055555555555, 1.8034651248602172, 0.8811995104514277, 8.083333333333332, 16.22757173343242, 6.152777777777778, 8.364380334189878, 65.69444444444444, 11.930772516488393, 47.33620216132963, 12.445648458319857, 11.06966140537728, 59.87499999999999, 38.666666666666664, 6.463342774652749, 21.11111111111111, 43.67417582261858, 0.0, 0.0, 0.0, 0.0, 0.0, 0.0, 0.0, 0.0, 0.0, 0.0, 0.0, 0.0, 0.0, 0.0]
	usedVehicles=5
	currentTime=[49.79575305137252, 59.87499999999999, 65.69444444444444, 0.0, 47.88785866716212]
	currentQuantity=[19.0, 19.0, 17.0, 17.0, 19.0]
	total_tour_length=9.696783961270373
	costObjectives=[9.696783961270373, 0.8328131681505604]
}

21:

Ant{
	tours=[[-1, 7, 8, 9, 47, 6, 5, 4, 42, 3, 2, 1, -1], [-1, 31, 36, 28, 44, 41, 43, 46, 27, 25, 24, 45, -1], [-1, 11, 18, 17, 21, 20, 19, 39, 48, 10, 40, -1], [-1, 0, 35, 34, 33, 30, 29, 32, 26, -1], [-1, 38, 23, 15, 37, 16, 22, 49, 13, 14, 12, -1]]
	tour_lengths=[1.5908744262810508, 2.01934965094216, 1.9700153681165753, 1.692856921498972, 2.423687594431611]
	beginService=[0.0, 0.25946585683707507, 49.79575305137252, 48.93464194026141, 48.45586227421975, 46.33333333333333, 45.875, 38.43055555555555, 0.1416394309331329, 5.25, 5.736111111111112, 36.31944444444444, 2.5, 47.88785866716212, 46.03528693372969, 46.94341422271767, 15.736111111111109, 29.041666666666664, 4.4672547249401005, 3.969602615289471, 7.680555555555555, 5.578751341291767, 5.134306896847322, 42.95833333333333, 13.833333333333332, 59.388888888888886, 54.93055555555555, 43.019359293920864, 54.041666666666664, 9.777994738710614, 41.78586778974251, 40.44693550866705, 6.875, 42.38309001196473, 38.43055555555555, 1.8034651248602172, 0.8811995104514277, 8.083333333333332, 16.22757173343242, 6.152777777777778, 8.364380334189878, 65.69444444444444, 11.930772516488393, 47.33620216132963, 12.445648458319857, 11.06966140537728, 59.87499999999999, 38.666666666666664, 6.463342774652749, 21.11111111111111, 43.67417582261858, 0.0, 0.0, 0.0, 0.0, 0.0, 0.0, 0.0, 0.0, 0.0, 0.0, 0.0, 0.0, 0.0, 0.0]
	usedVehicles=5
	currentTime=[49.79575305137252, 59.87499999999999, 65.69444444444444, 0.0, 47.88785866716212]
	currentQuantity=[19.0, 19.0, 17.0, 17.0, 19.0]
	total_tour_length=9.696783961270373
	costObjectives=[9.696783961270373, 0.8328131681505604]
}

22:

Ant{
	tours=[[-1, 7, 8, 9, 47, 6, 5, 4, 42, 3, 2, 1, -1], [-1, 31, 36, 28, 44, 41, 43, 46, 27, 25, 24, 45, -1], [-1, 11, 18, 17, 21, 20, 19, 39, 48, 10, 40, -1], [-1, 0, 35, 34, 33, 30, 29, 32, 26, -1], [-1, 38, 23, 15, 37, 16, 22, 49, 13, 14, 12, -1]]
	tour_lengths=[1.5908744262810508, 2.01934965094216, 1.9700153681165753, 1.692856921498972, 2.423687594431611]
	beginService=[0.0, 0.25946585683707507, 49.79575305137252, 48.93464194026141, 48.45586227421975, 46.33333333333333, 45.875, 38.43055555555555, 0.1416394309331329, 5.25, 5.736111111111112, 36.31944444444444, 2.5, 47.88785866716212, 46.03528693372969, 46.94341422271767, 15.736111111111109, 29.041666666666664, 4.4672547249401005, 3.969602615289471, 7.680555555555555, 5.578751341291767, 5.134306896847322, 42.95833333333333, 13.833333333333332, 59.388888888888886, 54.93055555555555, 43.019359293920864, 54.041666666666664, 9.777994738710614, 41.78586778974251, 40.44693550866705, 6.875, 42.38309001196473, 38.43055555555555, 1.8034651248602172, 0.8811995104514277, 8.083333333333332, 16.22757173343242, 6.152777777777778, 8.364380334189878, 65.69444444444444, 11.930772516488393, 47.33620216132963, 12.445648458319857, 11.06966140537728, 59.87499999999999, 38.666666666666664, 6.463342774652749, 21.11111111111111, 43.67417582261858, 0.0, 0.0, 0.0, 0.0, 0.0, 0.0, 0.0, 0.0, 0.0, 0.0, 0.0, 0.0, 0.0, 0.0]
	usedVehicles=5
	currentTime=[49.79575305137252, 59.87499999999999, 65.69444444444444, 0.0, 47.88785866716212]
	currentQuantity=[19.0, 19.0, 17.0, 17.0, 19.0]
	total_tour_length=9.696783961270373
	costObjectives=[9.696783961270373, 0.8328131681505604]
}

23:

Ant{
	tours=[[-1, 7, 8, 9, 47, 6, 5, 4, 42, 3, 2, 1, -1], [-1, 31, 36, 28, 44, 41, 43, 46, 27, 25, 24, 45, -1], [-1, 11, 18, 17, 21, 20, 19, 39, 48, 10, 40, -1], [-1, 0, 35, 34, 33, 30, 29, 32, 26, -1], [-1, 38, 23, 15, 37, 16, 22, 49, 13, 14, 12, -1]]
	tour_lengths=[1.5908744262810508, 2.01934965094216, 1.9700153681165753, 1.692856921498972, 2.423687594431611]
	beginService=[0.0, 0.25946585683707507, 49.79575305137252, 48.93464194026141, 48.45586227421975, 46.33333333333333, 45.875, 38.43055555555555, 0.1416394309331329, 5.25, 5.736111111111112, 36.31944444444444, 2.5, 47.88785866716212, 46.03528693372969, 46.94341422271767, 15.736111111111109, 29.041666666666664, 4.4672547249401005, 3.969602615289471, 7.680555555555555, 5.578751341291767, 5.134306896847322, 42.95833333333333, 13.833333333333332, 59.388888888888886, 54.93055555555555, 43.019359293920864, 54.041666666666664, 9.777994738710614, 41.78586778974251, 40.44693550866705, 6.875, 42.38309001196473, 38.43055555555555, 1.8034651248602172, 0.8811995104514277, 8.083333333333332, 16.22757173343242, 6.152777777777778, 8.364380334189878, 65.69444444444444, 11.930772516488393, 47.33620216132963, 12.445648458319857, 11.06966140537728, 59.87499999999999, 38.666666666666664, 6.463342774652749, 21.11111111111111, 43.67417582261858, 0.0, 0.0, 0.0, 0.0, 0.0, 0.0, 0.0, 0.0, 0.0, 0.0, 0.0, 0.0, 0.0, 0.0]
	usedVehicles=5
	currentTime=[49.79575305137252, 59.87499999999999, 65.69444444444444, 0.0, 47.88785866716212]
	currentQuantity=[19.0, 19.0, 17.0, 17.0, 19.0]
	total_tour_length=9.696783961270373
	costObjectives=[9.696783961270373, 0.8328131681505604]
}

24:

Ant{
	tours=[[-1, 7, 8, 9, 47, 6, 5, 4, 42, 3, 2, 1, -1], [-1, 31, 36, 28, 44, 41, 43, 46, 27, 25, 24, 45, -1], [-1, 11, 18, 17, 21, 20, 19, 39, 48, 10, 40, -1], [-1, 0, 35, 34, 33, 30, 29, 32, 26, -1], [-1, 38, 23, 15, 37, 16, 22, 49, 13, 14, 12, -1]]
	tour_lengths=[1.5908744262810508, 2.01934965094216, 1.9700153681165753, 1.692856921498972, 2.423687594431611]
	beginService=[0.0, 0.25946585683707507, 49.79575305137252, 48.93464194026141, 48.45586227421975, 46.33333333333333, 45.875, 38.43055555555555, 0.1416394309331329, 5.25, 5.736111111111112, 36.31944444444444, 2.5, 47.88785866716212, 46.03528693372969, 46.94341422271767, 15.736111111111109, 29.041666666666664, 4.4672547249401005, 3.969602615289471, 7.680555555555555, 5.578751341291767, 5.134306896847322, 42.95833333333333, 13.833333333333332, 59.388888888888886, 54.93055555555555, 43.019359293920864, 54.041666666666664, 9.777994738710614, 41.78586778974251, 40.44693550866705, 6.875, 42.38309001196473, 38.43055555555555, 1.8034651248602172, 0.8811995104514277, 8.083333333333332, 16.22757173343242, 6.152777777777778, 8.364380334189878, 65.69444444444444, 11.930772516488393, 47.33620216132963, 12.445648458319857, 11.06966140537728, 59.87499999999999, 38.666666666666664, 6.463342774652749, 21.11111111111111, 43.67417582261858, 0.0, 0.0, 0.0, 0.0, 0.0, 0.0, 0.0, 0.0, 0.0, 0.0, 0.0, 0.0, 0.0, 0.0]
	usedVehicles=5
	currentTime=[49.79575305137252, 59.87499999999999, 65.69444444444444, 0.0, 47.88785866716212]
	currentQuantity=[19.0, 19.0, 17.0, 17.0, 19.0]
	total_tour_length=9.696783961270373
	costObjectives=[9.696783961270373, 0.8328131681505604]
}

25:

Ant{
	tours=[[-1, 7, 8, 9, 47, 6, 5, 4, 42, 3, 2, 1, -1], [-1, 31, 36, 28, 44, 41, 43, 46, 27, 25, 24, 45, -1], [-1, 11, 18, 17, 21, 20, 19, 39, 48, 10, 40, -1], [-1, 0, 35, 34, 33, 30, 29, 32, 26, -1], [-1, 38, 23, 15, 37, 16, 22, 49, 13, 14, 12, -1]]
	tour_lengths=[1.5908744262810508, 2.01934965094216, 1.9700153681165753, 1.692856921498972, 2.423687594431611]
	beginService=[0.0, 0.25946585683707507, 49.79575305137252, 48.93464194026141, 48.45586227421975, 46.33333333333333, 45.875, 38.43055555555555, 0.1416394309331329, 5.25, 5.736111111111112, 36.31944444444444, 2.5, 47.88785866716212, 46.03528693372969, 46.94341422271767, 15.736111111111109, 29.041666666666664, 4.4672547249401005, 3.969602615289471, 7.680555555555555, 5.578751341291767, 5.134306896847322, 42.95833333333333, 13.833333333333332, 59.388888888888886, 54.93055555555555, 43.019359293920864, 54.041666666666664, 9.777994738710614, 41.78586778974251, 40.44693550866705, 6.875, 42.38309001196473, 38.43055555555555, 1.8034651248602172, 0.8811995104514277, 8.083333333333332, 16.22757173343242, 6.152777777777778, 8.364380334189878, 65.69444444444444, 11.930772516488393, 47.33620216132963, 12.445648458319857, 11.06966140537728, 59.87499999999999, 38.666666666666664, 6.463342774652749, 21.11111111111111, 43.67417582261858, 0.0, 0.0, 0.0, 0.0, 0.0, 0.0, 0.0, 0.0, 0.0, 0.0, 0.0, 0.0, 0.0, 0.0]
	usedVehicles=5
	currentTime=[49.79575305137252, 59.87499999999999, 65.69444444444444, 0.0, 47.88785866716212]
	currentQuantity=[19.0, 19.0, 17.0, 17.0, 19.0]
	total_tour_length=9.696783961270373
	costObjectives=[9.696783961270373, 0.8328131681505604]
}

26:

Ant{
	tours=[[-1, 7, 8, 9, 47, 6, 5, 4, 42, 3, 2, 1, -1], [-1, 31, 36, 28, 44, 41, 43, 46, 27, 25, 24, 45, -1], [-1, 11, 18, 17, 21, 20, 19, 39, 48, 10, 40, -1], [-1, 0, 35, 34, 33, 30, 29, 32, 26, -1], [-1, 38, 23, 15, 37, 16, 22, 49, 13, 14, 12, -1]]
	tour_lengths=[1.5908744262810508, 2.01934965094216, 1.9700153681165753, 1.692856921498972, 2.423687594431611]
	beginService=[0.0, 0.25946585683707507, 49.79575305137252, 48.93464194026141, 48.45586227421975, 46.33333333333333, 45.875, 38.43055555555555, 0.1416394309331329, 5.25, 5.736111111111112, 36.31944444444444, 2.5, 47.88785866716212, 46.03528693372969, 46.94341422271767, 15.736111111111109, 29.041666666666664, 4.4672547249401005, 3.969602615289471, 7.680555555555555, 5.578751341291767, 5.134306896847322, 42.95833333333333, 13.833333333333332, 59.388888888888886, 54.93055555555555, 43.019359293920864, 54.041666666666664, 9.777994738710614, 41.78586778974251, 40.44693550866705, 6.875, 42.38309001196473, 38.43055555555555, 1.8034651248602172, 0.8811995104514277, 8.083333333333332, 16.22757173343242, 6.152777777777778, 8.364380334189878, 65.69444444444444, 11.930772516488393, 47.33620216132963, 12.445648458319857, 11.06966140537728, 59.87499999999999, 38.666666666666664, 6.463342774652749, 21.11111111111111, 43.67417582261858, 0.0, 0.0, 0.0, 0.0, 0.0, 0.0, 0.0, 0.0, 0.0, 0.0, 0.0, 0.0, 0.0, 0.0]
	usedVehicles=5
	currentTime=[49.79575305137252, 59.87499999999999, 65.69444444444444, 0.0, 47.88785866716212]
	currentQuantity=[19.0, 19.0, 17.0, 17.0, 19.0]
	total_tour_length=9.696783961270373
	costObjectives=[9.696783961270373, 0.8328131681505604]
}

27:

Ant{
	tours=[[-1, 7, 8, 9, 47, 6, 5, 4, 42, 3, 2, 1, -1], [-1, 31, 36, 28, 44, 41, 43, 46, 27, 25, 24, 45, -1], [-1, 11, 18, 17, 21, 20, 19, 39, 48, 10, 40, -1], [-1, 0, 35, 34, 33, 30, 29, 32, 26, -1], [-1, 38, 23, 15, 37, 16, 22, 49, 13, 14, 12, -1]]
	tour_lengths=[1.5908744262810508, 2.01934965094216, 1.9700153681165753, 1.692856921498972, 2.423687594431611]
	beginService=[0.0, 0.25946585683707507, 49.79575305137252, 48.93464194026141, 48.45586227421975, 46.33333333333333, 45.875, 38.43055555555555, 0.1416394309331329, 5.25, 5.736111111111112, 36.31944444444444, 2.5, 47.88785866716212, 46.03528693372969, 46.94341422271767, 15.736111111111109, 29.041666666666664, 4.4672547249401005, 3.969602615289471, 7.680555555555555, 5.578751341291767, 5.134306896847322, 42.95833333333333, 13.833333333333332, 59.388888888888886, 54.93055555555555, 43.019359293920864, 54.041666666666664, 9.777994738710614, 41.78586778974251, 40.44693550866705, 6.875, 42.38309001196473, 38.43055555555555, 1.8034651248602172, 0.8811995104514277, 8.083333333333332, 16.22757173343242, 6.152777777777778, 8.364380334189878, 65.69444444444444, 11.930772516488393, 47.33620216132963, 12.445648458319857, 11.06966140537728, 59.87499999999999, 38.666666666666664, 6.463342774652749, 21.11111111111111, 43.67417582261858, 0.0, 0.0, 0.0, 0.0, 0.0, 0.0, 0.0, 0.0, 0.0, 0.0, 0.0, 0.0, 0.0, 0.0]
	usedVehicles=5
	currentTime=[49.79575305137252, 59.87499999999999, 65.69444444444444, 0.0, 47.88785866716212]
	currentQuantity=[19.0, 19.0, 17.0, 17.0, 19.0]
	total_tour_length=9.696783961270373
	costObjectives=[9.696783961270373, 0.8328131681505604]
}

28:

Ant{
	tours=[[-1, 7, 8, 9, 47, 6, 5, 4, 42, 3, 2, 1, -1], [-1, 31, 36, 28, 44, 41, 43, 46, 27, 25, 24, 45, -1], [-1, 11, 18, 17, 21, 20, 19, 39, 48, 10, 40, -1], [-1, 0, 35, 34, 33, 30, 29, 32, 26, -1], [-1, 38, 23, 15, 37, 16, 22, 49, 13, 14, 12, -1]]
	tour_lengths=[1.5908744262810508, 2.01934965094216, 1.9700153681165753, 1.692856921498972, 2.423687594431611]
	beginService=[0.0, 0.25946585683707507, 49.79575305137252, 48.93464194026141, 48.45586227421975, 46.33333333333333, 45.875, 38.43055555555555, 0.1416394309331329, 5.25, 5.736111111111112, 36.31944444444444, 2.5, 47.88785866716212, 46.03528693372969, 46.94341422271767, 15.736111111111109, 29.041666666666664, 4.4672547249401005, 3.969602615289471, 7.680555555555555, 5.578751341291767, 5.134306896847322, 42.95833333333333, 13.833333333333332, 59.388888888888886, 54.93055555555555, 43.019359293920864, 54.041666666666664, 9.777994738710614, 41.78586778974251, 40.44693550866705, 6.875, 42.38309001196473, 38.43055555555555, 1.8034651248602172, 0.8811995104514277, 8.083333333333332, 16.22757173343242, 6.152777777777778, 8.364380334189878, 65.69444444444444, 11.930772516488393, 47.33620216132963, 12.445648458319857, 11.06966140537728, 59.87499999999999, 38.666666666666664, 6.463342774652749, 21.11111111111111, 43.67417582261858, 0.0, 0.0, 0.0, 0.0, 0.0, 0.0, 0.0, 0.0, 0.0, 0.0, 0.0, 0.0, 0.0, 0.0]
	usedVehicles=5
	currentTime=[49.79575305137252, 59.87499999999999, 65.69444444444444, 0.0, 47.88785866716212]
	currentQuantity=[19.0, 19.0, 17.0, 17.0, 19.0]
	total_tour_length=9.696783961270373
	costObjectives=[9.696783961270373, 0.8328131681505604]
}

29:

Ant{
	tours=[[-1, 7, 8, 9, 47, 6, 5, 4, 42, 3, 2, 1, -1], [-1, 31, 36, 28, 44, 41, 43, 46, 27, 25, 24, 45, -1], [-1, 11, 18, 17, 21, 20, 19, 39, 48, 10, 40, -1], [-1, 0, 35, 34, 33, 30, 29, 32, 26, -1], [-1, 38, 23, 15, 37, 16, 22, 49, 13, 14, 12, -1]]
	tour_lengths=[1.5908744262810508, 2.01934965094216, 1.9700153681165753, 1.692856921498972, 2.423687594431611]
	beginService=[0.0, 0.25946585683707507, 49.79575305137252, 48.93464194026141, 48.45586227421975, 46.33333333333333, 45.875, 38.43055555555555, 0.1416394309331329, 5.25, 5.736111111111112, 36.31944444444444, 2.5, 47.88785866716212, 46.03528693372969, 46.94341422271767, 15.736111111111109, 29.041666666666664, 4.4672547249401005, 3.969602615289471, 7.680555555555555, 5.578751341291767, 5.134306896847322, 42.95833333333333, 13.833333333333332, 59.388888888888886, 54.93055555555555, 43.019359293920864, 54.041666666666664, 9.777994738710614, 41.78586778974251, 40.44693550866705, 6.875, 42.38309001196473, 38.43055555555555, 1.8034651248602172, 0.8811995104514277, 8.083333333333332, 16.22757173343242, 6.152777777777778, 8.364380334189878, 65.69444444444444, 11.930772516488393, 47.33620216132963, 12.445648458319857, 11.06966140537728, 59.87499999999999, 38.666666666666664, 6.463342774652749, 21.11111111111111, 43.67417582261858, 0.0, 0.0, 0.0, 0.0, 0.0, 0.0, 0.0, 0.0, 0.0, 0.0, 0.0, 0.0, 0.0, 0.0]
	usedVehicles=5
	currentTime=[49.79575305137252, 59.87499999999999, 65.69444444444444, 0.0, 47.88785866716212]
	currentQuantity=[19.0, 19.0, 17.0, 17.0, 19.0]
	total_tour_length=9.696783961270373
	costObjectives=[9.696783961270373, 0.8328131681505604]
}

30:

Ant{
	tours=[[-1, 7, 8, 9, 47, 6, 5, 4, 42, 3, 2, 1, -1], [-1, 31, 36, 28, 44, 41, 43, 46, 27, 25, 24, 45, -1], [-1, 11, 18, 17, 21, 20, 19, 39, 48, 10, 40, -1], [-1, 0, 35, 34, 33, 30, 29, 32, 26, -1], [-1, 38, 23, 15, 37, 16, 22, 49, 13, 14, 12, -1]]
	tour_lengths=[1.5908744262810508, 2.01934965094216, 1.9700153681165753, 1.692856921498972, 2.423687594431611]
	beginService=[0.0, 0.25946585683707507, 49.79575305137252, 48.93464194026141, 48.45586227421975, 46.33333333333333, 45.875, 38.43055555555555, 0.1416394309331329, 5.25, 5.736111111111112, 36.31944444444444, 2.5, 47.88785866716212, 46.03528693372969, 46.94341422271767, 15.736111111111109, 29.041666666666664, 4.4672547249401005, 3.969602615289471, 7.680555555555555, 5.578751341291767, 5.134306896847322, 42.95833333333333, 13.833333333333332, 59.388888888888886, 54.93055555555555, 43.019359293920864, 54.041666666666664, 9.777994738710614, 41.78586778974251, 40.44693550866705, 6.875, 42.38309001196473, 38.43055555555555, 1.8034651248602172, 0.8811995104514277, 8.083333333333332, 16.22757173343242, 6.152777777777778, 8.364380334189878, 65.69444444444444, 11.930772516488393, 47.33620216132963, 12.445648458319857, 11.06966140537728, 59.87499999999999, 38.666666666666664, 6.463342774652749, 21.11111111111111, 43.67417582261858, 0.0, 0.0, 0.0, 0.0, 0.0, 0.0, 0.0, 0.0, 0.0, 0.0, 0.0, 0.0, 0.0, 0.0]
	usedVehicles=5
	currentTime=[49.79575305137252, 59.87499999999999, 65.69444444444444, 0.0, 47.88785866716212]
	currentQuantity=[19.0, 19.0, 17.0, 17.0, 19.0]
	total_tour_length=9.696783961270373
	costObjectives=[9.696783961270373, 0.8328131681505604]
}

31:

Ant{
	tours=[[-1, 7, 8, 9, 47, 6, 5, 4, 42, 3, 2, 1, -1], [-1, 31, 36, 28, 44, 41, 43, 46, 27, 25, 24, 45, -1], [-1, 11, 18, 17, 21, 20, 19, 39, 48, 10, 40, -1], [-1, 0, 35, 34, 33, 30, 29, 32, 26, -1], [-1, 38, 23, 15, 37, 16, 22, 49, 13, 14, 12, -1]]
	tour_lengths=[1.5908744262810508, 2.01934965094216, 1.9700153681165753, 1.692856921498972, 2.423687594431611]
	beginService=[0.0, 0.25946585683707507, 49.79575305137252, 48.93464194026141, 48.45586227421975, 46.33333333333333, 45.875, 38.43055555555555, 0.1416394309331329, 5.25, 5.736111111111112, 36.31944444444444, 2.5, 47.88785866716212, 46.03528693372969, 46.94341422271767, 15.736111111111109, 29.041666666666664, 4.4672547249401005, 3.969602615289471, 7.680555555555555, 5.578751341291767, 5.134306896847322, 42.95833333333333, 13.833333333333332, 59.388888888888886, 54.93055555555555, 43.019359293920864, 54.041666666666664, 9.777994738710614, 41.78586778974251, 40.44693550866705, 6.875, 42.38309001196473, 38.43055555555555, 1.8034651248602172, 0.8811995104514277, 8.083333333333332, 16.22757173343242, 6.152777777777778, 8.364380334189878, 65.69444444444444, 11.930772516488393, 47.33620216132963, 12.445648458319857, 11.06966140537728, 59.87499999999999, 38.666666666666664, 6.463342774652749, 21.11111111111111, 43.67417582261858, 0.0, 0.0, 0.0, 0.0, 0.0, 0.0, 0.0, 0.0, 0.0, 0.0, 0.0, 0.0, 0.0, 0.0]
	usedVehicles=5
	currentTime=[49.79575305137252, 59.87499999999999, 65.69444444444444, 0.0, 47.88785866716212]
	currentQuantity=[19.0, 19.0, 17.0, 17.0, 19.0]
	total_tour_length=9.696783961270373
	costObjectives=[9.696783961270373, 0.8328131681505604]
}

32:

Ant{
	tours=[[-1, 7, 8, 9, 47, 6, 5, 4, 42, 3, 2, 1, -1], [-1, 31, 36, 28, 44, 41, 43, 46, 27, 25, 24, 45, -1], [-1, 11, 18, 17, 21, 20, 19, 39, 48, 10, 40, -1], [-1, 0, 35, 34, 33, 30, 29, 32, 26, -1], [-1, 38, 23, 15, 37, 16, 22, 49, 13, 14, 12, -1]]
	tour_lengths=[1.5908744262810508, 2.01934965094216, 1.9700153681165753, 1.692856921498972, 2.423687594431611]
	beginService=[0.0, 0.25946585683707507, 49.79575305137252, 48.93464194026141, 48.45586227421975, 46.33333333333333, 45.875, 38.43055555555555, 0.1416394309331329, 5.25, 5.736111111111112, 36.31944444444444, 2.5, 47.88785866716212, 46.03528693372969, 46.94341422271767, 15.736111111111109, 29.041666666666664, 4.4672547249401005, 3.969602615289471, 7.680555555555555, 5.578751341291767, 5.134306896847322, 42.95833333333333, 13.833333333333332, 59.388888888888886, 54.93055555555555, 43.019359293920864, 54.041666666666664, 9.777994738710614, 41.78586778974251, 40.44693550866705, 6.875, 42.38309001196473, 38.43055555555555, 1.8034651248602172, 0.8811995104514277, 8.083333333333332, 16.22757173343242, 6.152777777777778, 8.364380334189878, 65.69444444444444, 11.930772516488393, 47.33620216132963, 12.445648458319857, 11.06966140537728, 59.87499999999999, 38.666666666666664, 6.463342774652749, 21.11111111111111, 43.67417582261858, 0.0, 0.0, 0.0, 0.0, 0.0, 0.0, 0.0, 0.0, 0.0, 0.0, 0.0, 0.0, 0.0, 0.0]
	usedVehicles=5
	currentTime=[49.79575305137252, 59.87499999999999, 65.69444444444444, 0.0, 47.88785866716212]
	currentQuantity=[19.0, 19.0, 17.0, 17.0, 19.0]
	total_tour_length=9.696783961270373
	costObjectives=[9.696783961270373, 0.8328131681505604]
}

33:

Ant{
	tours=[[-1, 7, 8, 9, 47, 6, 5, 4, 42, 3, 2, 1, -1], [-1, 31, 36, 28, 44, 41, 43, 46, 27, 25, 24, 45, -1], [-1, 11, 18, 17, 21, 20, 19, 39, 48, 10, 40, -1], [-1, 0, 35, 34, 33, 30, 29, 32, 26, -1], [-1, 38, 23, 15, 37, 16, 22, 49, 13, 14, 12, -1]]
	tour_lengths=[1.5908744262810508, 2.01934965094216, 1.9700153681165753, 1.692856921498972, 2.423687594431611]
	beginService=[0.0, 0.25946585683707507, 49.79575305137252, 48.93464194026141, 48.45586227421975, 46.33333333333333, 45.875, 38.43055555555555, 0.1416394309331329, 5.25, 5.736111111111112, 36.31944444444444, 2.5, 47.88785866716212, 46.03528693372969, 46.94341422271767, 15.736111111111109, 29.041666666666664, 4.4672547249401005, 3.969602615289471, 7.680555555555555, 5.578751341291767, 5.134306896847322, 42.95833333333333, 13.833333333333332, 59.388888888888886, 54.93055555555555, 43.019359293920864, 54.041666666666664, 9.777994738710614, 41.78586778974251, 40.44693550866705, 6.875, 42.38309001196473, 38.43055555555555, 1.8034651248602172, 0.8811995104514277, 8.083333333333332, 16.22757173343242, 6.152777777777778, 8.364380334189878, 65.69444444444444, 11.930772516488393, 47.33620216132963, 12.445648458319857, 11.06966140537728, 59.87499999999999, 38.666666666666664, 6.463342774652749, 21.11111111111111, 43.67417582261858, 0.0, 0.0, 0.0, 0.0, 0.0, 0.0, 0.0, 0.0, 0.0, 0.0, 0.0, 0.0, 0.0, 0.0]
	usedVehicles=5
	currentTime=[49.79575305137252, 59.87499999999999, 65.69444444444444, 0.0, 47.88785866716212]
	currentQuantity=[19.0, 19.0, 17.0, 17.0, 19.0]
	total_tour_length=9.696783961270373
	costObjectives=[9.696783961270373, 0.8328131681505604]
}

34:

Ant{
	tours=[[-1, 7, 8, 9, 47, 6, 5, 4, 42, 3, 2, 1, -1], [-1, 31, 36, 28, 44, 41, 43, 46, 27, 25, 24, 45, -1], [-1, 11, 18, 17, 21, 20, 19, 39, 48, 10, 40, -1], [-1, 0, 35, 34, 33, 30, 29, 32, 26, -1], [-1, 38, 23, 15, 37, 16, 22, 49, 13, 14, 12, -1]]
	tour_lengths=[1.5908744262810508, 2.01934965094216, 1.9700153681165753, 1.692856921498972, 2.423687594431611]
	beginService=[0.0, 0.25946585683707507, 49.79575305137252, 48.93464194026141, 48.45586227421975, 46.33333333333333, 45.875, 38.43055555555555, 0.1416394309331329, 5.25, 5.736111111111112, 36.31944444444444, 2.5, 47.88785866716212, 46.03528693372969, 46.94341422271767, 15.736111111111109, 29.041666666666664, 4.4672547249401005, 3.969602615289471, 7.680555555555555, 5.578751341291767, 5.134306896847322, 42.95833333333333, 13.833333333333332, 59.388888888888886, 54.93055555555555, 43.019359293920864, 54.041666666666664, 9.777994738710614, 41.78586778974251, 40.44693550866705, 6.875, 42.38309001196473, 38.43055555555555, 1.8034651248602172, 0.8811995104514277, 8.083333333333332, 16.22757173343242, 6.152777777777778, 8.364380334189878, 65.69444444444444, 11.930772516488393, 47.33620216132963, 12.445648458319857, 11.06966140537728, 59.87499999999999, 38.666666666666664, 6.463342774652749, 21.11111111111111, 43.67417582261858, 0.0, 0.0, 0.0, 0.0, 0.0, 0.0, 0.0, 0.0, 0.0, 0.0, 0.0, 0.0, 0.0, 0.0]
	usedVehicles=5
	currentTime=[49.79575305137252, 59.87499999999999, 65.69444444444444, 0.0, 47.88785866716212]
	currentQuantity=[19.0, 19.0, 17.0, 17.0, 19.0]
	total_tour_length=9.696783961270373
	costObjectives=[9.696783961270373, 0.8328131681505604]
}

35:

Ant{
	tours=[[-1, 7, 8, 9, 47, 6, 5, 4, 42, 3, 2, 1, -1], [-1, 31, 36, 28, 44, 41, 43, 46, 27, 25, 24, 45, -1], [-1, 11, 18, 17, 21, 20, 19, 39, 48, 10, 40, -1], [-1, 0, 35, 34, 33, 30, 29, 32, 26, -1], [-1, 38, 23, 15, 37, 16, 22, 49, 13, 14, 12, -1]]
	tour_lengths=[1.5908744262810508, 2.01934965094216, 1.9700153681165753, 1.692856921498972, 2.423687594431611]
	beginService=[0.0, 0.25946585683707507, 49.79575305137252, 48.93464194026141, 48.45586227421975, 46.33333333333333, 45.875, 38.43055555555555, 0.1416394309331329, 5.25, 5.736111111111112, 36.31944444444444, 2.5, 47.88785866716212, 46.03528693372969, 46.94341422271767, 15.736111111111109, 29.041666666666664, 4.4672547249401005, 3.969602615289471, 7.680555555555555, 5.578751341291767, 5.134306896847322, 42.95833333333333, 13.833333333333332, 59.388888888888886, 54.93055555555555, 43.019359293920864, 54.041666666666664, 9.777994738710614, 41.78586778974251, 40.44693550866705, 6.875, 42.38309001196473, 38.43055555555555, 1.8034651248602172, 0.8811995104514277, 8.083333333333332, 16.22757173343242, 6.152777777777778, 8.364380334189878, 65.69444444444444, 11.930772516488393, 47.33620216132963, 12.445648458319857, 11.06966140537728, 59.87499999999999, 38.666666666666664, 6.463342774652749, 21.11111111111111, 43.67417582261858, 0.0, 0.0, 0.0, 0.0, 0.0, 0.0, 0.0, 0.0, 0.0, 0.0, 0.0, 0.0, 0.0, 0.0]
	usedVehicles=5
	currentTime=[49.79575305137252, 59.87499999999999, 65.69444444444444, 0.0, 47.88785866716212]
	currentQuantity=[19.0, 19.0, 17.0, 17.0, 19.0]
	total_tour_length=9.696783961270373
	costObjectives=[9.696783961270373, 0.8328131681505604]
}

36:

Ant{
	tours=[[-1, 7, 8, 9, 47, 6, 5, 4, 42, 3, 2, 1, -1], [-1, 31, 36, 28, 44, 41, 43, 46, 27, 25, 24, 45, -1], [-1, 11, 18, 17, 21, 20, 19, 39, 48, 10, 40, -1], [-1, 0, 35, 34, 33, 30, 29, 32, 26, -1], [-1, 38, 23, 15, 37, 16, 22, 49, 13, 14, 12, -1]]
	tour_lengths=[1.5908744262810508, 2.01934965094216, 1.9700153681165753, 1.692856921498972, 2.423687594431611]
	beginService=[0.0, 0.25946585683707507, 49.79575305137252, 48.93464194026141, 48.45586227421975, 46.33333333333333, 45.875, 38.43055555555555, 0.1416394309331329, 5.25, 5.736111111111112, 36.31944444444444, 2.5, 47.88785866716212, 46.03528693372969, 46.94341422271767, 15.736111111111109, 29.041666666666664, 4.4672547249401005, 3.969602615289471, 7.680555555555555, 5.578751341291767, 5.134306896847322, 42.95833333333333, 13.833333333333332, 59.388888888888886, 54.93055555555555, 43.019359293920864, 54.041666666666664, 9.777994738710614, 41.78586778974251, 40.44693550866705, 6.875, 42.38309001196473, 38.43055555555555, 1.8034651248602172, 0.8811995104514277, 8.083333333333332, 16.22757173343242, 6.152777777777778, 8.364380334189878, 65.69444444444444, 11.930772516488393, 47.33620216132963, 12.445648458319857, 11.06966140537728, 59.87499999999999, 38.666666666666664, 6.463342774652749, 21.11111111111111, 43.67417582261858, 0.0, 0.0, 0.0, 0.0, 0.0, 0.0, 0.0, 0.0, 0.0, 0.0, 0.0, 0.0, 0.0, 0.0]
	usedVehicles=5
	currentTime=[49.79575305137252, 59.87499999999999, 65.69444444444444, 0.0, 47.88785866716212]
	currentQuantity=[19.0, 19.0, 17.0, 17.0, 19.0]
	total_tour_length=9.696783961270373
	costObjectives=[9.696783961270373, 0.8328131681505604]
}

37:

Ant{
	tours=[[-1, 7, 8, 9, 47, 6, 5, 4, 42, 3, 2, 1, -1], [-1, 31, 36, 28, 44, 41, 43, 46, 27, 25, 24, 45, -1], [-1, 11, 18, 17, 21, 20, 19, 39, 48, 10, 40, -1], [-1, 0, 35, 34, 33, 30, 29, 32, 26, -1], [-1, 38, 23, 15, 37, 16, 22, 49, 13, 14, 12, -1]]
	tour_lengths=[1.5908744262810508, 2.01934965094216, 1.9700153681165753, 1.692856921498972, 2.423687594431611]
	beginService=[0.0, 0.25946585683707507, 49.79575305137252, 48.93464194026141, 48.45586227421975, 46.33333333333333, 45.875, 38.43055555555555, 0.1416394309331329, 5.25, 5.736111111111112, 36.31944444444444, 2.5, 47.88785866716212, 46.03528693372969, 46.94341422271767, 15.736111111111109, 29.041666666666664, 4.4672547249401005, 3.969602615289471, 7.680555555555555, 5.578751341291767, 5.134306896847322, 42.95833333333333, 13.833333333333332, 59.388888888888886, 54.93055555555555, 43.019359293920864, 54.041666666666664, 9.777994738710614, 41.78586778974251, 40.44693550866705, 6.875, 42.38309001196473, 38.43055555555555, 1.8034651248602172, 0.8811995104514277, 8.083333333333332, 16.22757173343242, 6.152777777777778, 8.364380334189878, 65.69444444444444, 11.930772516488393, 47.33620216132963, 12.445648458319857, 11.06966140537728, 59.87499999999999, 38.666666666666664, 6.463342774652749, 21.11111111111111, 43.67417582261858, 0.0, 0.0, 0.0, 0.0, 0.0, 0.0, 0.0, 0.0, 0.0, 0.0, 0.0, 0.0, 0.0, 0.0]
	usedVehicles=5
	currentTime=[49.79575305137252, 59.87499999999999, 65.69444444444444, 0.0, 47.88785866716212]
	currentQuantity=[19.0, 19.0, 17.0, 17.0, 19.0]
	total_tour_length=9.696783961270373
	costObjectives=[9.696783961270373, 0.8328131681505604]
}

38:

Ant{
	tours=[[-1, 7, 8, 9, 47, 6, 5, 4, 42, 3, 2, 1, -1], [-1, 31, 36, 28, 44, 41, 43, 46, 27, 25, 24, 45, -1], [-1, 11, 18, 17, 21, 20, 19, 39, 48, 10, 40, -1], [-1, 0, 35, 34, 33, 30, 29, 32, 26, -1], [-1, 38, 23, 15, 37, 16, 22, 49, 13, 14, 12, -1]]
	tour_lengths=[1.5908744262810508, 2.01934965094216, 1.9700153681165753, 1.692856921498972, 2.423687594431611]
	beginService=[0.0, 0.25946585683707507, 49.79575305137252, 48.93464194026141, 48.45586227421975, 46.33333333333333, 45.875, 38.43055555555555, 0.1416394309331329, 5.25, 5.736111111111112, 36.31944444444444, 2.5, 47.88785866716212, 46.03528693372969, 46.94341422271767, 15.736111111111109, 29.041666666666664, 4.4672547249401005, 3.969602615289471, 7.680555555555555, 5.578751341291767, 5.134306896847322, 42.95833333333333, 13.833333333333332, 59.388888888888886, 54.93055555555555, 43.019359293920864, 54.041666666666664, 9.777994738710614, 41.78586778974251, 40.44693550866705, 6.875, 42.38309001196473, 38.43055555555555, 1.8034651248602172, 0.8811995104514277, 8.083333333333332, 16.22757173343242, 6.152777777777778, 8.364380334189878, 65.69444444444444, 11.930772516488393, 47.33620216132963, 12.445648458319857, 11.06966140537728, 59.87499999999999, 38.666666666666664, 6.463342774652749, 21.11111111111111, 43.67417582261858, 0.0, 0.0, 0.0, 0.0, 0.0, 0.0, 0.0, 0.0, 0.0, 0.0, 0.0, 0.0, 0.0, 0.0]
	usedVehicles=5
	currentTime=[49.79575305137252, 59.87499999999999, 65.69444444444444, 0.0, 47.88785866716212]
	currentQuantity=[19.0, 19.0, 17.0, 17.0, 19.0]
	total_tour_length=9.696783961270373
	costObjectives=[9.696783961270373, 0.8328131681505604]
}

39:

Ant{
	tours=[[-1, 7, 8, 9, 47, 6, 5, 4, 42, 3, 2, 1, -1], [-1, 31, 36, 28, 44, 41, 43, 46, 27, 25, 24, 45, -1], [-1, 11, 18, 17, 21, 20, 19, 39, 48, 10, 40, -1], [-1, 0, 35, 34, 33, 30, 29, 32, 26, -1], [-1, 38, 23, 15, 37, 16, 22, 49, 13, 14, 12, -1]]
	tour_lengths=[1.5908744262810508, 2.01934965094216, 1.9700153681165753, 1.692856921498972, 2.423687594431611]
	beginService=[0.0, 0.25946585683707507, 49.79575305137252, 48.93464194026141, 48.45586227421975, 46.33333333333333, 45.875, 38.43055555555555, 0.1416394309331329, 5.25, 5.736111111111112, 36.31944444444444, 2.5, 47.88785866716212, 46.03528693372969, 46.94341422271767, 15.736111111111109, 29.041666666666664, 4.4672547249401005, 3.969602615289471, 7.680555555555555, 5.578751341291767, 5.134306896847322, 42.95833333333333, 13.833333333333332, 59.388888888888886, 54.93055555555555, 43.019359293920864, 54.041666666666664, 9.777994738710614, 41.78586778974251, 40.44693550866705, 6.875, 42.38309001196473, 38.43055555555555, 1.8034651248602172, 0.8811995104514277, 8.083333333333332, 16.22757173343242, 6.152777777777778, 8.364380334189878, 65.69444444444444, 11.930772516488393, 47.33620216132963, 12.445648458319857, 11.06966140537728, 59.87499999999999, 38.666666666666664, 6.463342774652749, 21.11111111111111, 43.67417582261858, 0.0, 0.0, 0.0, 0.0, 0.0, 0.0, 0.0, 0.0, 0.0, 0.0, 0.0, 0.0, 0.0, 0.0]
	usedVehicles=5
	currentTime=[49.79575305137252, 59.87499999999999, 65.69444444444444, 0.0, 47.88785866716212]
	currentQuantity=[19.0, 19.0, 17.0, 17.0, 19.0]
	total_tour_length=9.696783961270373
	costObjectives=[9.696783961270373, 0.8328131681505604]
}

40:

Ant{
	tours=[[-1, 7, 8, 9, 47, 6, 5, 4, 42, 3, 2, 1, -1], [-1, 31, 36, 28, 44, 41, 43, 46, 27, 25, 24, 45, -1], [-1, 11, 18, 17, 21, 20, 19, 39, 48, 10, 40, -1], [-1, 0, 35, 34, 33, 30, 29, 32, 26, -1], [-1, 38, 23, 15, 37, 16, 22, 49, 13, 14, 12, -1]]
	tour_lengths=[1.5908744262810508, 2.01934965094216, 1.9700153681165753, 1.692856921498972, 2.423687594431611]
	beginService=[0.0, 0.25946585683707507, 49.79575305137252, 48.93464194026141, 48.45586227421975, 46.33333333333333, 45.875, 38.43055555555555, 0.1416394309331329, 5.25, 5.736111111111112, 36.31944444444444, 2.5, 47.88785866716212, 46.03528693372969, 46.94341422271767, 15.736111111111109, 29.041666666666664, 4.4672547249401005, 3.969602615289471, 7.680555555555555, 5.578751341291767, 5.134306896847322, 42.95833333333333, 13.833333333333332, 59.388888888888886, 54.93055555555555, 43.019359293920864, 54.041666666666664, 9.777994738710614, 41.78586778974251, 40.44693550866705, 6.875, 42.38309001196473, 38.43055555555555, 1.8034651248602172, 0.8811995104514277, 8.083333333333332, 16.22757173343242, 6.152777777777778, 8.364380334189878, 65.69444444444444, 11.930772516488393, 47.33620216132963, 12.445648458319857, 11.06966140537728, 59.87499999999999, 38.666666666666664, 6.463342774652749, 21.11111111111111, 43.67417582261858, 0.0, 0.0, 0.0, 0.0, 0.0, 0.0, 0.0, 0.0, 0.0, 0.0, 0.0, 0.0, 0.0, 0.0]
	usedVehicles=5
	currentTime=[49.79575305137252, 59.87499999999999, 65.69444444444444, 0.0, 47.88785866716212]
	currentQuantity=[19.0, 19.0, 17.0, 17.0, 19.0]
	total_tour_length=9.696783961270373
	costObjectives=[9.696783961270373, 0.8328131681505604]
}

41:

Ant{
	tours=[[-1, 7, 8, 9, 47, 6, 5, 4, 42, 3, 2, 1, -1], [-1, 31, 36, 28, 44, 41, 43, 46, 27, 25, 24, 45, -1], [-1, 11, 18, 17, 21, 20, 19, 39, 48, 10, 40, -1], [-1, 0, 35, 34, 33, 30, 29, 32, 26, -1], [-1, 38, 23, 15, 37, 16, 22, 49, 13, 14, 12, -1]]
	tour_lengths=[1.5908744262810508, 2.01934965094216, 1.9700153681165753, 1.692856921498972, 2.423687594431611]
	beginService=[0.0, 0.25946585683707507, 49.79575305137252, 48.93464194026141, 48.45586227421975, 46.33333333333333, 45.875, 38.43055555555555, 0.1416394309331329, 5.25, 5.736111111111112, 36.31944444444444, 2.5, 47.88785866716212, 46.03528693372969, 46.94341422271767, 15.736111111111109, 29.041666666666664, 4.4672547249401005, 3.969602615289471, 7.680555555555555, 5.578751341291767, 5.134306896847322, 42.95833333333333, 13.833333333333332, 59.388888888888886, 54.93055555555555, 43.019359293920864, 54.041666666666664, 9.777994738710614, 41.78586778974251, 40.44693550866705, 6.875, 42.38309001196473, 38.43055555555555, 1.8034651248602172, 0.8811995104514277, 8.083333333333332, 16.22757173343242, 6.152777777777778, 8.364380334189878, 65.69444444444444, 11.930772516488393, 47.33620216132963, 12.445648458319857, 11.06966140537728, 59.87499999999999, 38.666666666666664, 6.463342774652749, 21.11111111111111, 43.67417582261858, 0.0, 0.0, 0.0, 0.0, 0.0, 0.0, 0.0, 0.0, 0.0, 0.0, 0.0, 0.0, 0.0, 0.0]
	usedVehicles=5
	currentTime=[49.79575305137252, 59.87499999999999, 65.69444444444444, 0.0, 47.88785866716212]
	currentQuantity=[19.0, 19.0, 17.0, 17.0, 19.0]
	total_tour_length=9.696783961270373
	costObjectives=[9.696783961270373, 0.8328131681505604]
}

42:

Ant{
	tours=[[-1, 7, 8, 9, 47, 6, 5, 4, 42, 3, 2, 1, -1], [-1, 31, 36, 28, 44, 41, 43, 46, 27, 25, 24, 45, -1], [-1, 11, 18, 17, 21, 20, 19, 39, 48, 10, 40, -1], [-1, 0, 35, 34, 33, 30, 29, 32, 26, -1], [-1, 38, 23, 15, 37, 16, 22, 49, 13, 14, 12, -1]]
	tour_lengths=[1.5908744262810508, 2.01934965094216, 1.9700153681165753, 1.692856921498972, 2.423687594431611]
	beginService=[0.0, 0.25946585683707507, 49.79575305137252, 48.93464194026141, 48.45586227421975, 46.33333333333333, 45.875, 38.43055555555555, 0.1416394309331329, 5.25, 5.736111111111112, 36.31944444444444, 2.5, 47.88785866716212, 46.03528693372969, 46.94341422271767, 15.736111111111109, 29.041666666666664, 4.4672547249401005, 3.969602615289471, 7.680555555555555, 5.578751341291767, 5.134306896847322, 42.95833333333333, 13.833333333333332, 59.388888888888886, 54.93055555555555, 43.019359293920864, 54.041666666666664, 9.777994738710614, 41.78586778974251, 40.44693550866705, 6.875, 42.38309001196473, 38.43055555555555, 1.8034651248602172, 0.8811995104514277, 8.083333333333332, 16.22757173343242, 6.152777777777778, 8.364380334189878, 65.69444444444444, 11.930772516488393, 47.33620216132963, 12.445648458319857, 11.06966140537728, 59.87499999999999, 38.666666666666664, 6.463342774652749, 21.11111111111111, 43.67417582261858, 0.0, 0.0, 0.0, 0.0, 0.0, 0.0, 0.0, 0.0, 0.0, 0.0, 0.0, 0.0, 0.0, 0.0]
	usedVehicles=5
	currentTime=[49.79575305137252, 59.87499999999999, 65.69444444444444, 0.0, 47.88785866716212]
	currentQuantity=[19.0, 19.0, 17.0, 17.0, 19.0]
	total_tour_length=9.696783961270373
	costObjectives=[9.696783961270373, 0.8328131681505604]
}

43:

Ant{
	tours=[[-1, 7, 8, 9, 47, 6, 5, 4, 42, 3, 2, 1, -1], [-1, 31, 36, 28, 44, 41, 43, 46, 27, 25, 24, 45, -1], [-1, 11, 18, 17, 21, 20, 19, 39, 48, 10, 40, -1], [-1, 0, 35, 34, 33, 30, 29, 32, 26, -1], [-1, 38, 23, 15, 37, 16, 22, 49, 13, 14, 12, -1]]
	tour_lengths=[1.5908744262810508, 2.01934965094216, 1.9700153681165753, 1.692856921498972, 2.423687594431611]
	beginService=[0.0, 0.25946585683707507, 49.79575305137252, 48.93464194026141, 48.45586227421975, 46.33333333333333, 45.875, 38.43055555555555, 0.1416394309331329, 5.25, 5.736111111111112, 36.31944444444444, 2.5, 47.88785866716212, 46.03528693372969, 46.94341422271767, 15.736111111111109, 29.041666666666664, 4.4672547249401005, 3.969602615289471, 7.680555555555555, 5.578751341291767, 5.134306896847322, 42.95833333333333, 13.833333333333332, 59.388888888888886, 54.93055555555555, 43.019359293920864, 54.041666666666664, 9.777994738710614, 41.78586778974251, 40.44693550866705, 6.875, 42.38309001196473, 38.43055555555555, 1.8034651248602172, 0.8811995104514277, 8.083333333333332, 16.22757173343242, 6.152777777777778, 8.364380334189878, 65.69444444444444, 11.930772516488393, 47.33620216132963, 12.445648458319857, 11.06966140537728, 59.87499999999999, 38.666666666666664, 6.463342774652749, 21.11111111111111, 43.67417582261858, 0.0, 0.0, 0.0, 0.0, 0.0, 0.0, 0.0, 0.0, 0.0, 0.0, 0.0, 0.0, 0.0, 0.0]
	usedVehicles=5
	currentTime=[49.79575305137252, 59.87499999999999, 65.69444444444444, 0.0, 47.88785866716212]
	currentQuantity=[19.0, 19.0, 17.0, 17.0, 19.0]
	total_tour_length=9.696783961270373
	costObjectives=[9.696783961270373, 0.8328131681505604]
}

44:

Ant{
	tours=[[-1, 7, 8, 9, 47, 6, 5, 4, 42, 3, 2, 1, -1], [-1, 31, 36, 28, 44, 41, 43, 46, 27, 25, 24, 45, -1], [-1, 11, 18, 17, 21, 20, 19, 39, 48, 10, 40, -1], [-1, 0, 35, 34, 33, 30, 29, 32, 26, -1], [-1, 38, 23, 15, 37, 16, 22, 49, 13, 14, 12, -1]]
	tour_lengths=[1.5908744262810508, 2.01934965094216, 1.9700153681165753, 1.692856921498972, 2.423687594431611]
	beginService=[0.0, 0.25946585683707507, 49.79575305137252, 48.93464194026141, 48.45586227421975, 46.33333333333333, 45.875, 38.43055555555555, 0.1416394309331329, 5.25, 5.736111111111112, 36.31944444444444, 2.5, 47.88785866716212, 46.03528693372969, 46.94341422271767, 15.736111111111109, 29.041666666666664, 4.4672547249401005, 3.969602615289471, 7.680555555555555, 5.578751341291767, 5.134306896847322, 42.95833333333333, 13.833333333333332, 59.388888888888886, 54.93055555555555, 43.019359293920864, 54.041666666666664, 9.777994738710614, 41.78586778974251, 40.44693550866705, 6.875, 42.38309001196473, 38.43055555555555, 1.8034651248602172, 0.8811995104514277, 8.083333333333332, 16.22757173343242, 6.152777777777778, 8.364380334189878, 65.69444444444444, 11.930772516488393, 47.33620216132963, 12.445648458319857, 11.06966140537728, 59.87499999999999, 38.666666666666664, 6.463342774652749, 21.11111111111111, 43.67417582261858, 0.0, 0.0, 0.0, 0.0, 0.0, 0.0, 0.0, 0.0, 0.0, 0.0, 0.0, 0.0, 0.0, 0.0]
	usedVehicles=5
	currentTime=[49.79575305137252, 59.87499999999999, 65.69444444444444, 0.0, 47.88785866716212]
	currentQuantity=[19.0, 19.0, 17.0, 17.0, 19.0]
	total_tour_length=9.696783961270373
	costObjectives=[9.696783961270373, 0.8328131681505604]
}

45:

Ant{
	tours=[[-1, 7, 8, 9, 47, 6, 5, 4, 42, 3, 2, 1, -1], [-1, 31, 36, 28, 44, 41, 43, 46, 27, 25, 24, 45, -1], [-1, 11, 18, 17, 21, 20, 19, 39, 48, 10, 40, -1], [-1, 0, 35, 34, 33, 30, 29, 32, 26, -1], [-1, 38, 23, 15, 37, 16, 22, 49, 13, 14, 12, -1]]
	tour_lengths=[1.5908744262810508, 2.01934965094216, 1.9700153681165753, 1.692856921498972, 2.423687594431611]
	beginService=[0.0, 0.25946585683707507, 49.79575305137252, 48.93464194026141, 48.45586227421975, 46.33333333333333, 45.875, 38.43055555555555, 0.1416394309331329, 5.25, 5.736111111111112, 36.31944444444444, 2.5, 47.88785866716212, 46.03528693372969, 46.94341422271767, 15.736111111111109, 29.041666666666664, 4.4672547249401005, 3.969602615289471, 7.680555555555555, 5.578751341291767, 5.134306896847322, 42.95833333333333, 13.833333333333332, 59.388888888888886, 54.93055555555555, 43.019359293920864, 54.041666666666664, 9.777994738710614, 41.78586778974251, 40.44693550866705, 6.875, 42.38309001196473, 38.43055555555555, 1.8034651248602172, 0.8811995104514277, 8.083333333333332, 16.22757173343242, 6.152777777777778, 8.364380334189878, 65.69444444444444, 11.930772516488393, 47.33620216132963, 12.445648458319857, 11.06966140537728, 59.87499999999999, 38.666666666666664, 6.463342774652749, 21.11111111111111, 43.67417582261858, 0.0, 0.0, 0.0, 0.0, 0.0, 0.0, 0.0, 0.0, 0.0, 0.0, 0.0, 0.0, 0.0, 0.0]
	usedVehicles=5
	currentTime=[49.79575305137252, 59.87499999999999, 65.69444444444444, 0.0, 47.88785866716212]
	currentQuantity=[19.0, 19.0, 17.0, 17.0, 19.0]
	total_tour_length=9.696783961270373
	costObjectives=[9.696783961270373, 0.8328131681505604]
}

46:

Ant{
	tours=[[-1, 7, 8, 9, 47, 6, 5, 4, 42, 3, 2, 1, -1], [-1, 31, 36, 28, 44, 41, 43, 46, 27, 25, 24, 45, -1], [-1, 11, 18, 17, 21, 20, 19, 39, 48, 10, 40, -1], [-1, 0, 35, 34, 33, 30, 29, 32, 26, -1], [-1, 38, 23, 15, 37, 16, 22, 49, 13, 14, 12, -1]]
	tour_lengths=[1.5908744262810508, 2.01934965094216, 1.9700153681165753, 1.692856921498972, 2.423687594431611]
	beginService=[0.0, 0.25946585683707507, 49.79575305137252, 48.93464194026141, 48.45586227421975, 46.33333333333333, 45.875, 38.43055555555555, 0.1416394309331329, 5.25, 5.736111111111112, 36.31944444444444, 2.5, 47.88785866716212, 46.03528693372969, 46.94341422271767, 15.736111111111109, 29.041666666666664, 4.4672547249401005, 3.969602615289471, 7.680555555555555, 5.578751341291767, 5.134306896847322, 42.95833333333333, 13.833333333333332, 59.388888888888886, 54.93055555555555, 43.019359293920864, 54.041666666666664, 9.777994738710614, 41.78586778974251, 40.44693550866705, 6.875, 42.38309001196473, 38.43055555555555, 1.8034651248602172, 0.8811995104514277, 8.083333333333332, 16.22757173343242, 6.152777777777778, 8.364380334189878, 65.69444444444444, 11.930772516488393, 47.33620216132963, 12.445648458319857, 11.06966140537728, 59.87499999999999, 38.666666666666664, 6.463342774652749, 21.11111111111111, 43.67417582261858, 0.0, 0.0, 0.0, 0.0, 0.0, 0.0, 0.0, 0.0, 0.0, 0.0, 0.0, 0.0, 0.0, 0.0]
	usedVehicles=5
	currentTime=[49.79575305137252, 59.87499999999999, 65.69444444444444, 0.0, 47.88785866716212]
	currentQuantity=[19.0, 19.0, 17.0, 17.0, 19.0]
	total_tour_length=9.696783961270373
	costObjectives=[9.696783961270373, 0.8328131681505604]
}

47:

Ant{
	tours=[[-1, 7, 8, 9, 47, 6, 5, 4, 42, 3, 2, 1, -1], [-1, 31, 36, 28, 44, 41, 43, 46, 27, 25, 24, 45, -1], [-1, 11, 18, 17, 21, 20, 19, 39, 48, 10, 40, -1], [-1, 0, 35, 34, 33, 30, 29, 32, 26, -1], [-1, 38, 23, 15, 37, 16, 22, 49, 13, 14, 12, -1]]
	tour_lengths=[1.5908744262810508, 2.01934965094216, 1.9700153681165753, 1.692856921498972, 2.423687594431611]
	beginService=[0.0, 0.25946585683707507, 49.79575305137252, 48.93464194026141, 48.45586227421975, 46.33333333333333, 45.875, 38.43055555555555, 0.1416394309331329, 5.25, 5.736111111111112, 36.31944444444444, 2.5, 47.88785866716212, 46.03528693372969, 46.94341422271767, 15.736111111111109, 29.041666666666664, 4.4672547249401005, 3.969602615289471, 7.680555555555555, 5.578751341291767, 5.134306896847322, 42.95833333333333, 13.833333333333332, 59.388888888888886, 54.93055555555555, 43.019359293920864, 54.041666666666664, 9.777994738710614, 41.78586778974251, 40.44693550866705, 6.875, 42.38309001196473, 38.43055555555555, 1.8034651248602172, 0.8811995104514277, 8.083333333333332, 16.22757173343242, 6.152777777777778, 8.364380334189878, 65.69444444444444, 11.930772516488393, 47.33620216132963, 12.445648458319857, 11.06966140537728, 59.87499999999999, 38.666666666666664, 6.463342774652749, 21.11111111111111, 43.67417582261858, 0.0, 0.0, 0.0, 0.0, 0.0, 0.0, 0.0, 0.0, 0.0, 0.0, 0.0, 0.0, 0.0, 0.0]
	usedVehicles=5
	currentTime=[49.79575305137252, 59.87499999999999, 65.69444444444444, 0.0, 47.88785866716212]
	currentQuantity=[19.0, 19.0, 17.0, 17.0, 19.0]
	total_tour_length=9.696783961270373
	costObjectives=[9.696783961270373, 0.8328131681505604]
}

48:

Ant{
	tours=[[-1, 7, 8, 9, 47, 6, 5, 4, 42, 3, 2, 1, -1], [-1, 31, 36, 28, 44, 41, 43, 46, 27, 25, 24, 45, -1], [-1, 11, 18, 17, 21, 20, 19, 39, 48, 10, 40, -1], [-1, 0, 35, 34, 33, 30, 29, 32, 26, -1], [-1, 38, 23, 15, 37, 16, 22, 49, 13, 14, 12, -1]]
	tour_lengths=[1.5908744262810508, 2.01934965094216, 1.9700153681165753, 1.692856921498972, 2.423687594431611]
	beginService=[0.0, 0.25946585683707507, 49.79575305137252, 48.93464194026141, 48.45586227421975, 46.33333333333333, 45.875, 38.43055555555555, 0.1416394309331329, 5.25, 5.736111111111112, 36.31944444444444, 2.5, 47.88785866716212, 46.03528693372969, 46.94341422271767, 15.736111111111109, 29.041666666666664, 4.4672547249401005, 3.969602615289471, 7.680555555555555, 5.578751341291767, 5.134306896847322, 42.95833333333333, 13.833333333333332, 59.388888888888886, 54.93055555555555, 43.019359293920864, 54.041666666666664, 9.777994738710614, 41.78586778974251, 40.44693550866705, 6.875, 42.38309001196473, 38.43055555555555, 1.8034651248602172, 0.8811995104514277, 8.083333333333332, 16.22757173343242, 6.152777777777778, 8.364380334189878, 65.69444444444444, 11.930772516488393, 47.33620216132963, 12.445648458319857, 11.06966140537728, 59.87499999999999, 38.666666666666664, 6.463342774652749, 21.11111111111111, 43.67417582261858, 0.0, 0.0, 0.0, 0.0, 0.0, 0.0, 0.0, 0.0, 0.0, 0.0, 0.0, 0.0, 0.0, 0.0]
	usedVehicles=5
	currentTime=[49.79575305137252, 59.87499999999999, 65.69444444444444, 0.0, 47.88785866716212]
	currentQuantity=[19.0, 19.0, 17.0, 17.0, 19.0]
	total_tour_length=9.696783961270373
	costObjectives=[9.696783961270373, 0.8328131681505604]
}

49:

Ant{
	tours=[[-1, 7, 8, 9, 47, 6, 5, 4, 42, 3, 2, 1, -1], [-1, 31, 36, 28, 44, 41, 43, 46, 27, 25, 24, 45, -1], [-1, 11, 18, 17, 21, 20, 19, 39, 48, 10, 40, -1], [-1, 0, 35, 34, 33, 30, 29, 32, 26, -1], [-1, 38, 23, 15, 37, 16, 22, 49, 13, 14, 12, -1]]
	tour_lengths=[1.5908744262810508, 2.01934965094216, 1.9700153681165753, 1.692856921498972, 2.423687594431611]
	beginService=[0.0, 0.25946585683707507, 49.79575305137252, 48.93464194026141, 48.45586227421975, 46.33333333333333, 45.875, 38.43055555555555, 0.1416394309331329, 5.25, 5.736111111111112, 36.31944444444444, 2.5, 47.88785866716212, 46.03528693372969, 46.94341422271767, 15.736111111111109, 29.041666666666664, 4.4672547249401005, 3.969602615289471, 7.680555555555555, 5.578751341291767, 5.134306896847322, 42.95833333333333, 13.833333333333332, 59.388888888888886, 54.93055555555555, 43.019359293920864, 54.041666666666664, 9.777994738710614, 41.78586778974251, 40.44693550866705, 6.875, 42.38309001196473, 38.43055555555555, 1.8034651248602172, 0.8811995104514277, 8.083333333333332, 16.22757173343242, 6.152777777777778, 8.364380334189878, 65.69444444444444, 11.930772516488393, 47.33620216132963, 12.445648458319857, 11.06966140537728, 59.87499999999999, 38.666666666666664, 6.463342774652749, 21.11111111111111, 43.67417582261858, 0.0, 0.0, 0.0, 0.0, 0.0, 0.0, 0.0, 0.0, 0.0, 0.0, 0.0, 0.0, 0.0, 0.0]
	usedVehicles=5
	currentTime=[49.79575305137252, 59.87499999999999, 65.69444444444444, 0.0, 47.88785866716212]
	currentQuantity=[19.0, 19.0, 17.0, 17.0, 19.0]
	total_tour_length=9.696783961270373
	costObjectives=[9.696783961270373, 0.8328131681505604]
}

50:

Ant{
	tours=[[-1, 7, 8, 9, 47, 6, 5, 4, 42, 3, 2, 1, -1], [-1, 31, 36, 28, 44, 41, 43, 46, 27, 25, 24, 45, -1], [-1, 11, 18, 17, 21, 20, 19, 39, 48, 10, 40, -1], [-1, 0, 35, 34, 33, 30, 29, 32, 26, -1], [-1, 38, 23, 15, 37, 16, 22, 49, 13, 14, 12, -1]]
	tour_lengths=[1.5908744262810508, 2.01934965094216, 1.9700153681165753, 1.692856921498972, 2.423687594431611]
	beginService=[0.0, 0.25946585683707507, 49.79575305137252, 48.93464194026141, 48.45586227421975, 46.33333333333333, 45.875, 38.43055555555555, 0.1416394309331329, 5.25, 5.736111111111112, 36.31944444444444, 2.5, 47.88785866716212, 46.03528693372969, 46.94341422271767, 15.736111111111109, 29.041666666666664, 4.4672547249401005, 3.969602615289471, 7.680555555555555, 5.578751341291767, 5.134306896847322, 42.95833333333333, 13.833333333333332, 59.388888888888886, 54.93055555555555, 43.019359293920864, 54.041666666666664, 9.777994738710614, 41.78586778974251, 40.44693550866705, 6.875, 42.38309001196473, 38.43055555555555, 1.8034651248602172, 0.8811995104514277, 8.083333333333332, 16.22757173343242, 6.152777777777778, 8.364380334189878, 65.69444444444444, 11.930772516488393, 47.33620216132963, 12.445648458319857, 11.06966140537728, 59.87499999999999, 38.666666666666664, 6.463342774652749, 21.11111111111111, 43.67417582261858, 0.0, 0.0, 0.0, 0.0, 0.0, 0.0, 0.0, 0.0, 0.0, 0.0, 0.0, 0.0, 0.0, 0.0]
	usedVehicles=5
	currentTime=[49.79575305137252, 59.87499999999999, 65.69444444444444, 0.0, 47.88785866716212]
	currentQuantity=[19.0, 19.0, 17.0, 17.0, 19.0]
	total_tour_length=9.696783961270373
	costObjectives=[9.696783961270373, 0.8328131681505604]
}

51:

Ant{
	tours=[[-1, 7, 8, 9, 47, 6, 5, 4, 42, 3, 2, 1, -1], [-1, 31, 36, 28, 44, 41, 43, 46, 27, 25, 24, 45, -1], [-1, 11, 18, 17, 21, 20, 19, 39, 48, 10, 40, -1], [-1, 0, 35, 34, 33, 30, 29, 32, 26, -1], [-1, 38, 23, 15, 37, 16, 22, 49, 13, 14, 12, -1]]
	tour_lengths=[1.5908744262810508, 2.01934965094216, 1.9700153681165753, 1.692856921498972, 2.423687594431611]
	beginService=[0.0, 0.25946585683707507, 49.79575305137252, 48.93464194026141, 48.45586227421975, 46.33333333333333, 45.875, 38.43055555555555, 0.1416394309331329, 5.25, 5.736111111111112, 36.31944444444444, 2.5, 47.88785866716212, 46.03528693372969, 46.94341422271767, 15.736111111111109, 29.041666666666664, 4.4672547249401005, 3.969602615289471, 7.680555555555555, 5.578751341291767, 5.134306896847322, 42.95833333333333, 13.833333333333332, 59.388888888888886, 54.93055555555555, 43.019359293920864, 54.041666666666664, 9.777994738710614, 41.78586778974251, 40.44693550866705, 6.875, 42.38309001196473, 38.43055555555555, 1.8034651248602172, 0.8811995104514277, 8.083333333333332, 16.22757173343242, 6.152777777777778, 8.364380334189878, 65.69444444444444, 11.930772516488393, 47.33620216132963, 12.445648458319857, 11.06966140537728, 59.87499999999999, 38.666666666666664, 6.463342774652749, 21.11111111111111, 43.67417582261858, 0.0, 0.0, 0.0, 0.0, 0.0, 0.0, 0.0, 0.0, 0.0, 0.0, 0.0, 0.0, 0.0, 0.0]
	usedVehicles=5
	currentTime=[49.79575305137252, 59.87499999999999, 65.69444444444444, 0.0, 47.88785866716212]
	currentQuantity=[19.0, 19.0, 17.0, 17.0, 19.0]
	total_tour_length=9.696783961270373
	costObjectives=[9.696783961270373, 0.8328131681505604]
}

