1:

Ant{
	tours=[[-1, 7, 8, 9, 10, 14, 13, 12, 40, -1], [-1, 39, 38, 37, 31, 41, 44, 25, 4, 6, 5, 42, -1], [-1, 11, 18, 17, 21, 20, 19, 28, 43, 27, 29, 32, -1], [-1, 0, 35, 34, 30, 36, 23, 15, 16, 22, 24, -1], [-1, 26, 33, 3, 2, 1, -1]]
	tour_lengths=[1.312422822963509, 3.917724062518154, 2.8668371544018294, 2.1243219640459587, 1.3552666864286316]
	beginService=[0.0, 0.25946585683707507, 44.5482241104861, 43.68711299937499, 43.20833333333333, 12.190151991118288, 45.875, 38.43055555555555, 0.1416394309331329, 5.25, 5.736111111111112, 36.31944444444444, 2.5, 47.72493631226447, 46.783127288987984, 45.875, 15.736111111111109, 29.041666666666664, 4.4672547249401005, 3.969602615289471, 7.680555555555555, 5.578751341291767, 5.134306896847322, 42.95833333333333, 13.833333333333332, 59.388888888888886, 10.916303428662207, 0.21960261528947078, 54.041666666666664, 8.755883650076631, 54.863260548253145, 3.3434736389966213, 7.869484536349821, 55.460482770475366, 38.43055555555555, 1.8034651248602172, 0.8811995104514277, 8.083333333333332, 6.855434170582972, 6.152777777777778, 0.268238998830944, 65.69444444444444, 9.147479275060437, 46.441254577975954, 10.161166148514116, 9.591923719504882, 0.0, 0.0, 0.0, 0.0, 0.0, 0.0, 0.0, 0.0, 0.0, 0.0, 0.0, 0.0, 0.0, 0.0, 0.0, 0.0, 0.0, 0.0, 0.0]
	usedVehicles=5
	currentTime=[0.0, 46.441254577975954, 55.460482770475366, 59.388888888888886, 44.5482241104861]
	currentQuantity=[13.0, 19.0, 20.0, 20.0, 10.0]
	total_tour_length=11.576572690358084
	costObjectives=[11.576572690358084, 2.605301239554645]
}

2:

Ant{
	tours=[[-1, 7, 8, 9, 1, 26, 32, 36, 30, 29, 41, 43, 27, -1], [-1, 2, 3, 14, 12, 13, -1], [-1, 11, 18, 17, 21, 20, 19, 39, 15, 16, 37, 10, 40, -1], [-1, 0, 35, 34, 31, 28, 44, 25, 22, 24, -1], [-1, 38, 23, 33, 4, 6, 5, 42, -1]]
	tour_lengths=[2.3231269142580726, 1.6814223986369425, 2.080127241019621, 2.2261664451228005, 2.12933881392158]
	beginService=[0.0, 0.25946585683707507, 6.434006343490509, 0.2222222222222222, 43.20833333333333, 40.65277777777777, 45.875, 41.55555555555555, 0.1416394309331329, 5.25, 5.736111111111112, 36.31944444444444, 2.5, 46.81944444444445, 47.761253467720934, 45.875, 13.430555555555555, 29.041666666666664, 4.4672547249401005, 3.969602615289471, 7.680555555555555, 5.578751341291767, 5.134306896847322, 42.95833333333333, 13.833333333333332, 59.388888888888886, 10.717216809816517, 6.89459353321507, 54.041666666666664, 8.101170433992525, 11.064239540691107, 9.72530725961565, 6.875, 7.947529481837874, 38.43055555555555, 1.8034651248602172, 0.8811995104514277, 8.433640592948985, 29.48611111111111, 6.152777777777778, 8.364380334189878, 65.69444444444444, 11.854617986443154, 46.441254577975954, 12.369493928274618, 9.392837100659191, 0.0, 0.0, 0.0, 0.0, 0.0, 0.0, 0.0, 0.0, 0.0, 0.0, 0.0, 0.0, 0.0, 0.0, 0.0, 0.0, 0.0, 0.0, 0.0]
	usedVehicles=5
	currentTime=[54.041666666666664, 47.761253467720934, 65.69444444444444, 59.388888888888886, 46.441254577975954]
	currentQuantity=[20.0, 9.0, 19.0, 16.0, 18.0]
	total_tour_length=10.440181812959015
	costObjectives=[10.440181812959015, 0.6417045156211301]
}

3:

Ant{
	tours=[[-1, 7, 8, 9, 2, 1, 32, 36, 30, 29, 41, 43, 27, -1], [-1, 10, 14, 12, 13, 40, -1], [-1, 11, 18, 17, 21, 20, 19, 25, 38, 23, 22, 24, -1], [-1, 0, 35, 34, 31, 28, 44, 39, 15, 16, 37, -1], [-1, 26, 33, 4, 6, 5, 42, 3, -1]]
	tour_lengths=[2.328024393513929, 1.3831614550853062, 1.9818030059446723, 2.5189042406606865, 1.980295396290318]
	beginService=[0.0, 0.25946585683707507, 7.272237156079699, 6.411126044968588, 47.56091469086607, 40.65277777777777, 45.875, 41.55555555555555, 0.1416394309331329, 5.25, 5.736111111111112, 36.31944444444444, 2.5, 46.81944444444445, 47.761253467720934, 45.875, 13.430555555555555, 29.041666666666664, 4.4672547249401005, 3.969602615289471, 7.680555555555555, 5.578751341291767, 5.134306896847322, 42.95833333333333, 13.833333333333332, 59.388888888888886, 8.355570489413031, 0.21960261528947078, 54.041666666666664, 8.101170433992525, 11.069137019946965, 9.730204738871508, 6.875, 7.952426961093731, 38.43055555555555, 1.8034651248602172, 0.8811995104514277, 8.438538072204842, 29.48611111111111, 8.927519654517182, 10.99119484254366, 65.69444444444444, 11.859515465699012, 46.441254577975954, 12.374391407530476, 9.392837100659191, 0.0, 0.0, 0.0, 0.0, 0.0, 0.0, 0.0, 0.0, 0.0, 0.0, 0.0, 0.0, 0.0, 0.0, 0.0, 0.0, 0.0, 0.0, 0.0]
	usedVehicles=5
	currentTime=[54.041666666666664, 65.69444444444444, 59.388888888888886, 29.48611111111111, 47.56091469086607]
	currentQuantity=[20.0, 9.0, 19.0, 18.0, 16.0]
	total_tour_length=10.192188491494916
	costObjectives=[10.192188491494916, 1.1357427855753803]
}

4:

Ant{
	tours=[[-1, 7, 8, 9, 2, 1, 32, 36, 30, 29, 41, 43, 27, -1], [-1, 10, 14, 12, 13, 40, -1], [-1, 11, 18, 17, 21, 20, 19, 25, 38, 23, 22, 24, -1], [-1, 0, 35, 34, 31, 28, 44, 39, 15, 16, 37, -1], [-1, 26, 33, 4, 6, 5, 42, 3, -1]]
	tour_lengths=[2.328024393513929, 1.3831614550853062, 1.9818030059446723, 2.5189042406606865, 1.980295396290318]
	beginService=[0.0, 0.25946585683707507, 7.272237156079699, 6.411126044968588, 47.56091469086607, 40.65277777777777, 45.875, 41.55555555555555, 0.1416394309331329, 5.25, 5.736111111111112, 36.31944444444444, 2.5, 46.81944444444445, 47.761253467720934, 45.875, 13.430555555555555, 29.041666666666664, 4.4672547249401005, 3.969602615289471, 7.680555555555555, 5.578751341291767, 5.134306896847322, 42.95833333333333, 13.833333333333332, 59.388888888888886, 8.355570489413031, 0.21960261528947078, 54.041666666666664, 8.101170433992525, 11.069137019946965, 9.730204738871508, 6.875, 7.952426961093731, 38.43055555555555, 1.8034651248602172, 0.8811995104514277, 8.438538072204842, 29.48611111111111, 8.927519654517182, 10.99119484254366, 65.69444444444444, 11.859515465699012, 46.441254577975954, 12.374391407530476, 9.392837100659191, 0.0, 0.0, 0.0, 0.0, 0.0, 0.0, 0.0, 0.0, 0.0, 0.0, 0.0, 0.0, 0.0, 0.0, 0.0, 0.0, 0.0, 0.0, 0.0]
	usedVehicles=5
	currentTime=[54.041666666666664, 65.69444444444444, 59.388888888888886, 29.48611111111111, 47.56091469086607]
	currentQuantity=[20.0, 9.0, 19.0, 18.0, 16.0]
	total_tour_length=10.192188491494916
	costObjectives=[10.192188491494916, 1.1357427855753803]
}

5:

Ant{
	tours=[[-1, 7, 8, 9, 2, 1, 26, 32, 36, 30, 23, -1], [-1, 38, 31, 29, 28, 44, 41, 43, 27, -1], [-1, 11, 18, 17, 21, 20, 19, 39, 15, 37, 16, 22, 25, 24, -1], [-1, 0, 35, 34, 33, 4, 6, 3, 42, 5, -1], [-1, 10, 14, 13, 12, 40, -1]]
	tour_lengths=[1.5167684548742633, 1.9094580058955848, 2.1323465301609037, 2.5674220133773207, 1.2434273270436234]
	beginService=[0.0, 0.25946585683707507, 7.272237156079699, 6.411126044968588, 43.54764929205166, 40.65277777777777, 45.875, 41.55555555555555, 0.1416394309331329, 5.25, 5.736111111111112, 36.31944444444444, 2.5, 47.72493631226447, 46.783127288987984, 45.875, 13.430555555555555, 29.041666666666664, 4.4672547249401005, 3.969602615289471, 7.680555555555555, 5.578751341291767, 5.134306896847322, 42.95833333333333, 13.833333333333332, 59.388888888888886, 43.41666666666666, 7.73282434580426, 54.041666666666664, 8.562851235850866, 7.814882890243184, 10.56353807220484, 6.884327334687629, 8.785760294427064, 38.43055555555555, 1.8034651248602172, 0.8811995104514277, 9.271871405538175, 13.922016177876868, 6.152777777777778, 8.364380334189878, 65.69444444444444, 10.715629013628645, 44.250642738275104, 11.230504955460109, 9.854517902517532, 0.0, 0.0, 0.0, 0.0, 0.0, 0.0, 0.0, 0.0, 0.0, 0.0, 0.0, 0.0, 0.0, 0.0, 0.0, 0.0, 0.0, 0.0, 0.0]
	usedVehicles=5
	currentTime=[13.833333333333332, 54.041666666666664, 59.388888888888886, 45.875, 65.69444444444444]
	currentQuantity=[20.0, 14.0, 19.0, 20.0, 9.0]
	total_tour_length=9.369422331351691
	costObjectives=[9.369422331351691, 1.3239946863336973]
}

6:

Ant{
	tours=[[-1, 7, 8, 9, 2, 1, 26, 32, 36, 30, 23, -1], [-1, 38, 31, 29, 28, 44, 41, 43, 27, -1], [-1, 11, 18, 17, 21, 20, 19, 39, 15, 37, 16, 22, 25, 24, -1], [-1, 0, 35, 34, 33, 4, 6, 3, 42, 5, -1], [-1, 10, 14, 13, 12, 40, -1]]
	tour_lengths=[1.5167684548742633, 1.9094580058955848, 2.1323465301609037, 2.5674220133773207, 1.2434273270436234]
	beginService=[0.0, 0.25946585683707507, 7.272237156079699, 6.411126044968588, 43.54764929205166, 40.65277777777777, 45.875, 41.55555555555555, 0.1416394309331329, 5.25, 5.736111111111112, 36.31944444444444, 2.5, 47.72493631226447, 46.783127288987984, 45.875, 13.430555555555555, 29.041666666666664, 4.4672547249401005, 3.969602615289471, 7.680555555555555, 5.578751341291767, 5.134306896847322, 42.95833333333333, 13.833333333333332, 59.388888888888886, 43.41666666666666, 7.73282434580426, 54.041666666666664, 8.562851235850866, 7.814882890243184, 10.56353807220484, 6.884327334687629, 8.785760294427064, 38.43055555555555, 1.8034651248602172, 0.8811995104514277, 9.271871405538175, 13.922016177876868, 6.152777777777778, 8.364380334189878, 65.69444444444444, 10.715629013628645, 44.250642738275104, 11.230504955460109, 9.854517902517532, 0.0, 0.0, 0.0, 0.0, 0.0, 0.0, 0.0, 0.0, 0.0, 0.0, 0.0, 0.0, 0.0, 0.0, 0.0, 0.0, 0.0, 0.0, 0.0]
	usedVehicles=5
	currentTime=[13.833333333333332, 54.041666666666664, 59.388888888888886, 45.875, 65.69444444444444]
	currentQuantity=[20.0, 14.0, 19.0, 20.0, 9.0]
	total_tour_length=9.369422331351691
	costObjectives=[9.369422331351691, 1.3239946863336973]
}

7:

Ant{
	tours=[[-1, 7, 8, 9, 2, 1, 26, 32, 36, 30, 23, -1], [-1, 38, 31, 29, 28, 44, 41, 43, 27, -1], [-1, 11, 18, 17, 21, 20, 19, 39, 15, 37, 16, 22, 25, 24, -1], [-1, 0, 35, 34, 33, 4, 6, 3, 42, 5, -1], [-1, 10, 14, 13, 12, 40, -1]]
	tour_lengths=[1.5167684548742633, 1.9094580058955848, 2.1323465301609037, 2.5674220133773207, 1.2434273270436234]
	beginService=[0.0, 0.25946585683707507, 7.272237156079699, 6.411126044968588, 43.54764929205166, 40.65277777777777, 45.875, 41.55555555555555, 0.1416394309331329, 5.25, 5.736111111111112, 36.31944444444444, 2.5, 47.72493631226447, 46.783127288987984, 45.875, 13.430555555555555, 29.041666666666664, 4.4672547249401005, 3.969602615289471, 7.680555555555555, 5.578751341291767, 5.134306896847322, 42.95833333333333, 13.833333333333332, 59.388888888888886, 43.41666666666666, 7.73282434580426, 54.041666666666664, 8.562851235850866, 7.814882890243184, 10.56353807220484, 6.884327334687629, 8.785760294427064, 38.43055555555555, 1.8034651248602172, 0.8811995104514277, 9.271871405538175, 13.922016177876868, 6.152777777777778, 8.364380334189878, 65.69444444444444, 10.715629013628645, 44.250642738275104, 11.230504955460109, 9.854517902517532, 0.0, 0.0, 0.0, 0.0, 0.0, 0.0, 0.0, 0.0, 0.0, 0.0, 0.0, 0.0, 0.0, 0.0, 0.0, 0.0, 0.0, 0.0, 0.0]
	usedVehicles=5
	currentTime=[13.833333333333332, 54.041666666666664, 59.388888888888886, 45.875, 65.69444444444444]
	currentQuantity=[20.0, 14.0, 19.0, 20.0, 9.0]
	total_tour_length=9.369422331351691
	costObjectives=[9.369422331351691, 1.3239946863336973]
}

8:

Ant{
	tours=[[-1, 7, 8, 9, 2, 1, 26, 32, 36, 30, 23, -1], [-1, 38, 31, 29, 28, 44, 41, 43, 27, -1], [-1, 11, 18, 17, 21, 20, 19, 39, 15, 37, 16, 22, 25, 24, -1], [-1, 0, 35, 34, 33, 4, 6, 3, 42, 5, -1], [-1, 10, 14, 13, 12, 40, -1]]
	tour_lengths=[1.5167684548742633, 1.9094580058955848, 2.1323465301609037, 2.5674220133773207, 1.2434273270436234]
	beginService=[0.0, 0.25946585683707507, 7.272237156079699, 6.411126044968588, 43.54764929205166, 40.65277777777777, 45.875, 41.55555555555555, 0.1416394309331329, 5.25, 5.736111111111112, 36.31944444444444, 2.5, 47.72493631226447, 46.783127288987984, 45.875, 13.430555555555555, 29.041666666666664, 4.4672547249401005, 3.969602615289471, 7.680555555555555, 5.578751341291767, 5.134306896847322, 42.95833333333333, 13.833333333333332, 59.388888888888886, 43.41666666666666, 7.73282434580426, 54.041666666666664, 8.562851235850866, 7.814882890243184, 10.56353807220484, 6.884327334687629, 8.785760294427064, 38.43055555555555, 1.8034651248602172, 0.8811995104514277, 9.271871405538175, 13.922016177876868, 6.152777777777778, 8.364380334189878, 65.69444444444444, 10.715629013628645, 44.250642738275104, 11.230504955460109, 9.854517902517532, 0.0, 0.0, 0.0, 0.0, 0.0, 0.0, 0.0, 0.0, 0.0, 0.0, 0.0, 0.0, 0.0, 0.0, 0.0, 0.0, 0.0, 0.0, 0.0]
	usedVehicles=5
	currentTime=[13.833333333333332, 54.041666666666664, 59.388888888888886, 45.875, 65.69444444444444]
	currentQuantity=[20.0, 14.0, 19.0, 20.0, 9.0]
	total_tour_length=9.369422331351691
	costObjectives=[9.369422331351691, 1.3239946863336973]
}

9:

Ant{
	tours=[[-1, 7, 8, 9, 2, 1, 26, 32, 36, 30, 23, -1], [-1, 38, 31, 29, 28, 44, 41, 43, 27, -1], [-1, 11, 18, 17, 21, 20, 19, 39, 15, 37, 16, 22, 25, 24, -1], [-1, 0, 35, 34, 33, 4, 6, 3, 42, 5, -1], [-1, 10, 14, 13, 12, 40, -1]]
	tour_lengths=[1.5167684548742633, 1.9094580058955848, 2.1323465301609037, 2.5674220133773207, 1.2434273270436234]
	beginService=[0.0, 0.25946585683707507, 7.272237156079699, 6.411126044968588, 43.54764929205166, 40.65277777777777, 45.875, 41.55555555555555, 0.1416394309331329, 5.25, 5.736111111111112, 36.31944444444444, 2.5, 47.72493631226447, 46.783127288987984, 45.875, 13.430555555555555, 29.041666666666664, 4.4672547249401005, 3.969602615289471, 7.680555555555555, 5.578751341291767, 5.134306896847322, 42.95833333333333, 13.833333333333332, 59.388888888888886, 43.41666666666666, 7.73282434580426, 54.041666666666664, 8.562851235850866, 7.814882890243184, 10.56353807220484, 6.884327334687629, 8.785760294427064, 38.43055555555555, 1.8034651248602172, 0.8811995104514277, 9.271871405538175, 13.922016177876868, 6.152777777777778, 8.364380334189878, 65.69444444444444, 10.715629013628645, 44.250642738275104, 11.230504955460109, 9.854517902517532, 0.0, 0.0, 0.0, 0.0, 0.0, 0.0, 0.0, 0.0, 0.0, 0.0, 0.0, 0.0, 0.0, 0.0, 0.0, 0.0, 0.0, 0.0, 0.0]
	usedVehicles=5
	currentTime=[13.833333333333332, 54.041666666666664, 59.388888888888886, 45.875, 65.69444444444444]
	currentQuantity=[20.0, 14.0, 19.0, 20.0, 9.0]
	total_tour_length=9.369422331351691
	costObjectives=[9.369422331351691, 1.3239946863336973]
}

10:

Ant{
	tours=[[-1, 7, 8, 9, 2, 1, 26, 32, 36, 30, 23, -1], [-1, 38, 31, 29, 28, 44, 41, 43, 27, -1], [-1, 11, 18, 17, 21, 20, 19, 39, 15, 37, 16, 22, 25, 24, -1], [-1, 0, 35, 34, 33, 4, 6, 3, 42, 5, -1], [-1, 10, 14, 13, 12, 40, -1]]
	tour_lengths=[1.5167684548742633, 1.9094580058955848, 2.1323465301609037, 2.5674220133773207, 1.2434273270436234]
	beginService=[0.0, 0.25946585683707507, 7.272237156079699, 6.411126044968588, 43.54764929205166, 40.65277777777777, 45.875, 41.55555555555555, 0.1416394309331329, 5.25, 5.736111111111112, 36.31944444444444, 2.5, 47.72493631226447, 46.783127288987984, 45.875, 13.430555555555555, 29.041666666666664, 4.4672547249401005, 3.969602615289471, 7.680555555555555, 5.578751341291767, 5.134306896847322, 42.95833333333333, 13.833333333333332, 59.388888888888886, 43.41666666666666, 7.73282434580426, 54.041666666666664, 8.562851235850866, 7.814882890243184, 10.56353807220484, 6.884327334687629, 8.785760294427064, 38.43055555555555, 1.8034651248602172, 0.8811995104514277, 9.271871405538175, 13.922016177876868, 6.152777777777778, 8.364380334189878, 65.69444444444444, 10.715629013628645, 44.250642738275104, 11.230504955460109, 9.854517902517532, 0.0, 0.0, 0.0, 0.0, 0.0, 0.0, 0.0, 0.0, 0.0, 0.0, 0.0, 0.0, 0.0, 0.0, 0.0, 0.0, 0.0, 0.0, 0.0]
	usedVehicles=5
	currentTime=[13.833333333333332, 54.041666666666664, 59.388888888888886, 45.875, 65.69444444444444]
	currentQuantity=[20.0, 14.0, 19.0, 20.0, 9.0]
	total_tour_length=9.369422331351691
	costObjectives=[9.369422331351691, 1.3239946863336973]
}

11:

Ant{
	tours=[[-1, 7, 8, 9, 2, 1, 26, 32, 36, 30, 23, -1], [-1, 38, 31, 29, 28, 44, 41, 43, 27, -1], [-1, 11, 18, 17, 21, 20, 19, 39, 15, 37, 16, 22, 25, 24, -1], [-1, 0, 35, 34, 33, 4, 6, 3, 42, 5, -1], [-1, 10, 14, 13, 12, 40, -1]]
	tour_lengths=[1.5167684548742633, 1.9094580058955848, 2.1323465301609037, 2.5674220133773207, 1.2434273270436234]
	beginService=[0.0, 0.25946585683707507, 7.272237156079699, 6.411126044968588, 43.54764929205166, 40.65277777777777, 45.875, 41.55555555555555, 0.1416394309331329, 5.25, 5.736111111111112, 36.31944444444444, 2.5, 47.72493631226447, 46.783127288987984, 45.875, 13.430555555555555, 29.041666666666664, 4.4672547249401005, 3.969602615289471, 7.680555555555555, 5.578751341291767, 5.134306896847322, 42.95833333333333, 13.833333333333332, 59.388888888888886, 43.41666666666666, 7.73282434580426, 54.041666666666664, 8.562851235850866, 7.814882890243184, 10.56353807220484, 6.884327334687629, 8.785760294427064, 38.43055555555555, 1.8034651248602172, 0.8811995104514277, 9.271871405538175, 13.922016177876868, 6.152777777777778, 8.364380334189878, 65.69444444444444, 10.715629013628645, 44.250642738275104, 11.230504955460109, 9.854517902517532, 0.0, 0.0, 0.0, 0.0, 0.0, 0.0, 0.0, 0.0, 0.0, 0.0, 0.0, 0.0, 0.0, 0.0, 0.0, 0.0, 0.0, 0.0, 0.0]
	usedVehicles=5
	currentTime=[13.833333333333332, 54.041666666666664, 59.388888888888886, 45.875, 65.69444444444444]
	currentQuantity=[20.0, 14.0, 19.0, 20.0, 9.0]
	total_tour_length=9.369422331351691
	costObjectives=[9.369422331351691, 1.3239946863336973]
}

12:

Ant{
	tours=[[-1, 7, 8, 9, 10, 12, 13, 14, 40, -1], [-1, 31, 30, 29, 28, 44, 41, 43, 27, -1], [-1, 11, 18, 17, 21, 20, 19, 39, 15, 37, 16, -1], [-1, 0, 35, 34, 33, 32, 26, 1, 2, 25, 22, 24, -1], [-1, 38, 23, 36, 4, 6, 5, 42, 3, -1]]
	tour_lengths=[1.3253664181818696, 1.8435046326715168, 1.7424177954449276, 2.2088895966646214, 2.0203022655520537]
	beginService=[0.0, 0.25946585683707507, 41.96484393790241, 42.40928838234685, 47.56091469086607, 17.75235980083726, 45.875, 38.43055555555555, 0.1416394309331329, 5.25, 5.736111111111112, 36.31944444444444, 2.5, 36.953062490997404, 37.89487151427389, 45.875, 13.430555555555555, 29.041666666666664, 4.4672547249401005, 3.969602615289471, 7.680555555555555, 5.578751341291767, 5.134306896847322, 44.23255669370809, 13.833333333333332, 59.388888888888886, 43.77422336037476, 41.08759008151118, 54.041666666666664, 9.876219403000432, 9.12825105739275, 7.7893187763172955, 6.875, 40.45132079955505, 38.43055555555555, 1.8034651248602172, 0.8811995104514277, 15.84722222222222, 13.922016177876868, 6.152777777777778, 8.364380334189878, 65.69444444444444, 12.02899718077821, 46.441254577975954, 12.543873122609675, 11.167886069667098, 0.0, 0.0, 0.0, 0.0, 0.0, 0.0, 0.0, 0.0, 0.0, 0.0, 0.0, 0.0, 0.0, 0.0, 0.0, 0.0, 0.0, 0.0, 0.0]
	usedVehicles=5
	currentTime=[65.69444444444444, 0.0, 29.041666666666664, 59.388888888888886, 47.56091469086607]
	currentQuantity=[13.0, 16.0, 16.0, 19.0, 18.0]
	total_tour_length=9.140480708514989
	costObjectives=[9.140480708514989, 0.8835231784827517]
}

13:

Ant{
	tours=[[-1, 7, 8, 9, 10, 12, 13, 14, 40, -1], [-1, 38, 23, 30, 36, 33, 26, -1], [-1, 11, 18, 17, 21, 20, 19, 39, 15, 37, 16, 22, 25, 24, -1], [-1, 0, 35, 34, 32, 31, 29, 28, 44, 41, 43, 27, -1], [-1, 42, 6, 5, 4, 3, 2, 1, -1]]
	tour_lengths=[1.3253664181818687, 1.5806827238516246, 2.1323465301609033, 2.347548165224306, 1.2631357684827067]
	beginService=[0.0, 0.25946585683707507, 48.78224401661498, 47.92113290550387, 47.44235323946221, 46.33333333333333, 45.875, 39.64163943093313, 0.1416394309331329, 5.25, 5.736111111111112, 36.31944444444444, 2.5, 36.953062490997404, 37.89487151427389, 45.875, 13.430555555555555, 29.041666666666664, 4.4672547249401005, 3.969602615289471, 7.680555555555555, 5.578751341291767, 5.134306896847322, 42.95833333333333, 13.833333333333332, 59.388888888888886, 43.41666666666666, 40.49005932288141, 54.041666666666664, 8.553523901163237, 7.805555555555555, 15.87371177908538, 6.875, 3.33262833655802, 38.43055555555555, 1.8034651248602172, 0.8811995104514277, 17.165378445752047, 13.922016177876868, 6.152777777777778, 8.364380334189878, 65.69444444444444, 10.706301678941015, 38.666666666666664, 11.22117762077248, 9.845190567829903, 0.0, 0.0, 0.0, 0.0, 0.0, 0.0, 0.0, 0.0, 0.0, 0.0, 0.0, 0.0, 0.0, 0.0, 0.0, 0.0, 0.0, 0.0, 0.0]
	usedVehicles=5
	currentTime=[65.69444444444444, 40.49005932288141, 59.388888888888886, 54.041666666666664, 0.0]
	currentQuantity=[13.0, 17.0, 19.0, 20.0, 13.0]
	total_tour_length=8.649079605901411
	costObjectives=[8.649079605901411, 1.0844123967415993]
}

14:

Ant{
	tours=[[-1, 7, 8, 9, 10, 12, 13, 14, 40, -1], [-1, 38, 23, 30, 36, 33, 26, -1], [-1, 11, 18, 17, 21, 20, 19, 39, 15, 37, 16, 22, 25, 24, -1], [-1, 0, 35, 34, 32, 31, 29, 28, 44, 41, 43, 27, -1], [-1, 42, 6, 5, 4, 3, 2, 1, -1]]
	tour_lengths=[1.3253664181818687, 1.5806827238516246, 2.1323465301609033, 2.347548165224306, 1.2631357684827067]
	beginService=[0.0, 0.25946585683707507, 48.78224401661498, 47.92113290550387, 47.44235323946221, 46.33333333333333, 45.875, 39.64163943093313, 0.1416394309331329, 5.25, 5.736111111111112, 36.31944444444444, 2.5, 36.953062490997404, 37.89487151427389, 45.875, 13.430555555555555, 29.041666666666664, 4.4672547249401005, 3.969602615289471, 7.680555555555555, 5.578751341291767, 5.134306896847322, 42.95833333333333, 13.833333333333332, 59.388888888888886, 43.41666666666666, 40.49005932288141, 54.041666666666664, 8.553523901163237, 7.805555555555555, 15.87371177908538, 6.875, 3.33262833655802, 38.43055555555555, 1.8034651248602172, 0.8811995104514277, 17.165378445752047, 13.922016177876868, 6.152777777777778, 8.364380334189878, 65.69444444444444, 10.706301678941015, 38.666666666666664, 11.22117762077248, 9.845190567829903, 0.0, 0.0, 0.0, 0.0, 0.0, 0.0, 0.0, 0.0, 0.0, 0.0, 0.0, 0.0, 0.0, 0.0, 0.0, 0.0, 0.0, 0.0, 0.0]
	usedVehicles=5
	currentTime=[65.69444444444444, 40.49005932288141, 59.388888888888886, 54.041666666666664, 0.0]
	currentQuantity=[13.0, 17.0, 19.0, 20.0, 13.0]
	total_tour_length=8.649079605901411
	costObjectives=[8.649079605901411, 1.0844123967415993]
}

15:

Ant{
	tours=[[-1, 7, 8, 9, 10, 12, 13, 14, 40, -1], [-1, 38, 23, 30, 36, 33, 26, -1], [-1, 11, 18, 17, 21, 20, 19, 39, 15, 37, 16, 22, 25, 24, -1], [-1, 0, 35, 34, 32, 31, 29, 28, 44, 41, 43, 27, -1], [-1, 42, 6, 5, 4, 3, 2, 1, -1]]
	tour_lengths=[1.3253664181818687, 1.5806827238516246, 2.1323465301609033, 2.347548165224306, 1.2631357684827067]
	beginService=[0.0, 0.25946585683707507, 48.78224401661498, 47.92113290550387, 47.44235323946221, 46.33333333333333, 45.875, 39.64163943093313, 0.1416394309331329, 5.25, 5.736111111111112, 36.31944444444444, 2.5, 36.953062490997404, 37.89487151427389, 45.875, 13.430555555555555, 29.041666666666664, 4.4672547249401005, 3.969602615289471, 7.680555555555555, 5.578751341291767, 5.134306896847322, 42.95833333333333, 13.833333333333332, 59.388888888888886, 43.41666666666666, 40.49005932288141, 54.041666666666664, 8.553523901163237, 7.805555555555555, 15.87371177908538, 6.875, 3.33262833655802, 38.43055555555555, 1.8034651248602172, 0.8811995104514277, 17.165378445752047, 13.922016177876868, 6.152777777777778, 8.364380334189878, 65.69444444444444, 10.706301678941015, 38.666666666666664, 11.22117762077248, 9.845190567829903, 0.0, 0.0, 0.0, 0.0, 0.0, 0.0, 0.0, 0.0, 0.0, 0.0, 0.0, 0.0, 0.0, 0.0, 0.0, 0.0, 0.0, 0.0, 0.0]
	usedVehicles=5
	currentTime=[65.69444444444444, 40.49005932288141, 59.388888888888886, 54.041666666666664, 0.0]
	currentQuantity=[13.0, 17.0, 19.0, 20.0, 13.0]
	total_tour_length=8.649079605901411
	costObjectives=[8.649079605901411, 1.0844123967415993]
}

16:

Ant{
	tours=[[-1, 7, 8, 9, 10, 12, 13, 14, 40, -1], [-1, 38, 23, 30, 36, 33, 26, -1], [-1, 11, 18, 17, 21, 20, 19, 39, 15, 37, 16, 22, 25, 24, -1], [-1, 0, 35, 34, 32, 31, 29, 28, 44, 41, 43, 27, -1], [-1, 42, 6, 5, 4, 3, 2, 1, -1]]
	tour_lengths=[1.3253664181818687, 1.5806827238516246, 2.1323465301609033, 2.347548165224306, 1.2631357684827067]
	beginService=[0.0, 0.25946585683707507, 48.78224401661498, 47.92113290550387, 47.44235323946221, 46.33333333333333, 45.875, 39.64163943093313, 0.1416394309331329, 5.25, 5.736111111111112, 36.31944444444444, 2.5, 36.953062490997404, 37.89487151427389, 45.875, 13.430555555555555, 29.041666666666664, 4.4672547249401005, 3.969602615289471, 7.680555555555555, 5.578751341291767, 5.134306896847322, 42.95833333333333, 13.833333333333332, 59.388888888888886, 43.41666666666666, 40.49005932288141, 54.041666666666664, 8.553523901163237, 7.805555555555555, 15.87371177908538, 6.875, 3.33262833655802, 38.43055555555555, 1.8034651248602172, 0.8811995104514277, 17.165378445752047, 13.922016177876868, 6.152777777777778, 8.364380334189878, 65.69444444444444, 10.706301678941015, 38.666666666666664, 11.22117762077248, 9.845190567829903, 0.0, 0.0, 0.0, 0.0, 0.0, 0.0, 0.0, 0.0, 0.0, 0.0, 0.0, 0.0, 0.0, 0.0, 0.0, 0.0, 0.0, 0.0, 0.0]
	usedVehicles=5
	currentTime=[65.69444444444444, 40.49005932288141, 59.388888888888886, 54.041666666666664, 0.0]
	currentQuantity=[13.0, 17.0, 19.0, 20.0, 13.0]
	total_tour_length=8.649079605901411
	costObjectives=[8.649079605901411, 1.0844123967415993]
}

17:

Ant{
	tours=[[-1, 7, 8, 9, 10, 12, 13, 14, 40, -1], [-1, 38, 23, 30, 36, 33, 26, -1], [-1, 11, 18, 17, 21, 20, 19, 39, 15, 37, 16, 22, 25, 24, -1], [-1, 0, 35, 34, 32, 31, 29, 28, 44, 41, 43, 27, -1], [-1, 42, 6, 5, 4, 3, 2, 1, -1]]
	tour_lengths=[1.3253664181818687, 1.5806827238516246, 2.1323465301609033, 2.347548165224306, 1.2631357684827067]
	beginService=[0.0, 0.25946585683707507, 48.78224401661498, 47.92113290550387, 47.44235323946221, 46.33333333333333, 45.875, 39.64163943093313, 0.1416394309331329, 5.25, 5.736111111111112, 36.31944444444444, 2.5, 36.953062490997404, 37.89487151427389, 45.875, 13.430555555555555, 29.041666666666664, 4.4672547249401005, 3.969602615289471, 7.680555555555555, 5.578751341291767, 5.134306896847322, 42.95833333333333, 13.833333333333332, 59.388888888888886, 43.41666666666666, 40.49005932288141, 54.041666666666664, 8.553523901163237, 7.805555555555555, 15.87371177908538, 6.875, 3.33262833655802, 38.43055555555555, 1.8034651248602172, 0.8811995104514277, 17.165378445752047, 13.922016177876868, 6.152777777777778, 8.364380334189878, 65.69444444444444, 10.706301678941015, 38.666666666666664, 11.22117762077248, 9.845190567829903, 0.0, 0.0, 0.0, 0.0, 0.0, 0.0, 0.0, 0.0, 0.0, 0.0, 0.0, 0.0, 0.0, 0.0, 0.0, 0.0, 0.0, 0.0, 0.0]
	usedVehicles=5
	currentTime=[65.69444444444444, 40.49005932288141, 59.388888888888886, 54.041666666666664, 0.0]
	currentQuantity=[13.0, 17.0, 19.0, 20.0, 13.0]
	total_tour_length=8.649079605901411
	costObjectives=[8.649079605901411, 1.0844123967415993]
}

18:

Ant{
	tours=[[-1, 7, 8, 9, 10, 12, 14, 13, 40, -1], [-1, 31, 36, 28, 44, 41, 43, 27, 29, 30, 32, -1], [-1, 11, 18, 17, 21, 20, 19, 39, 15, 37, 16, 22, 25, 24, -1], [-1, 0, 35, 34, 33, 26, -1], [-1, 38, 23, 42, 6, 5, 4, 3, 2, 1, -1]]
	tour_lengths=[1.3248615997280138, 2.0625048618562625, 2.1323465301609033, 1.2468902837928433, 1.6649165972283975]
	beginService=[0.0, 0.25946585683707507, 48.78224401661498, 47.92113290550387, 47.44235323946221, 46.33333333333333, 45.875, 39.64163943093313, 0.1416394309331329, 5.25, 5.736111111111112, 36.31944444444444, 2.5, 36.953062490997404, 46.783127288987984, 45.875, 13.430555555555555, 29.041666666666664, 4.4672547249401005, 3.969602615289471, 7.680555555555555, 5.578751341291767, 5.134306896847322, 42.95833333333333, 13.833333333333332, 59.388888888888886, 43.41666666666666, 40.49005932288141, 54.041666666666664, 9.777994738710614, 54.863260548253145, 55.36885949599527, 6.875, 56.72997060710638, 38.43055555555555, 1.8034651248602172, 0.8811995104514277, 8.083333333333332, 13.922016177876868, 6.152777777777778, 8.364380334189878, 65.69444444444444, 11.930772516488393, 38.666666666666664, 12.445648458319857, 11.06966140537728, 0.0, 0.0, 0.0, 0.0, 0.0, 0.0, 0.0, 0.0, 0.0, 0.0, 0.0, 0.0, 0.0, 0.0, 0.0, 0.0, 0.0, 0.0, 0.0]
	usedVehicles=5
	currentTime=[0.0, 56.72997060710638, 59.388888888888886, 0.0, 48.78224401661498]
	currentQuantity=[13.0, 20.0, 19.0, 12.0, 18.0]
	total_tour_length=8.43151987276642
	costObjectives=[8.43151987276642, 0.88545624636806]
}

19:

Ant{
	tours=[[-1, 7, 8, 9, 10, 12, 14, 13, 40, -1], [-1, 31, 36, 28, 44, 41, 43, 27, 29, 30, 32, -1], [-1, 11, 18, 17, 21, 20, 19, 39, 15, 37, 16, 22, 25, 24, -1], [-1, 0, 35, 34, 33, 26, -1], [-1, 38, 23, 42, 6, 5, 4, 3, 2, 1, -1]]
	tour_lengths=[1.3248615997280138, 2.0625048618562625, 2.1323465301609033, 1.2468902837928433, 1.6649165972283975]
	beginService=[0.0, 0.25946585683707507, 48.78224401661498, 47.92113290550387, 47.44235323946221, 46.33333333333333, 45.875, 39.64163943093313, 0.1416394309331329, 5.25, 5.736111111111112, 36.31944444444444, 2.5, 36.953062490997404, 46.783127288987984, 45.875, 13.430555555555555, 29.041666666666664, 4.4672547249401005, 3.969602615289471, 7.680555555555555, 5.578751341291767, 5.134306896847322, 42.95833333333333, 13.833333333333332, 59.388888888888886, 43.41666666666666, 40.49005932288141, 54.041666666666664, 9.777994738710614, 54.863260548253145, 55.36885949599527, 6.875, 56.72997060710638, 38.43055555555555, 1.8034651248602172, 0.8811995104514277, 8.083333333333332, 13.922016177876868, 6.152777777777778, 8.364380334189878, 65.69444444444444, 11.930772516488393, 38.666666666666664, 12.445648458319857, 11.06966140537728, 0.0, 0.0, 0.0, 0.0, 0.0, 0.0, 0.0, 0.0, 0.0, 0.0, 0.0, 0.0, 0.0, 0.0, 0.0, 0.0, 0.0, 0.0, 0.0]
	usedVehicles=5
	currentTime=[0.0, 56.72997060710638, 59.388888888888886, 0.0, 48.78224401661498]
	currentQuantity=[13.0, 20.0, 19.0, 12.0, 18.0]
	total_tour_length=8.43151987276642
	costObjectives=[8.43151987276642, 0.88545624636806]
}

20:

Ant{
	tours=[[-1, 7, 8, 9, 10, 12, 14, 13, 40, -1], [-1, 31, 36, 28, 44, 41, 43, 27, 29, 30, 32, -1], [-1, 11, 18, 17, 21, 20, 19, 39, 15, 37, 16, 22, 25, 24, -1], [-1, 0, 35, 34, 33, 26, -1], [-1, 38, 23, 42, 6, 5, 4, 3, 2, 1, -1]]
	tour_lengths=[1.3248615997280138, 2.0625048618562625, 2.1323465301609033, 1.2468902837928433, 1.6649165972283975]
	beginService=[0.0, 0.25946585683707507, 48.78224401661498, 47.92113290550387, 47.44235323946221, 46.33333333333333, 45.875, 39.64163943093313, 0.1416394309331329, 5.25, 5.736111111111112, 36.31944444444444, 2.5, 36.953062490997404, 46.783127288987984, 45.875, 13.430555555555555, 29.041666666666664, 4.4672547249401005, 3.969602615289471, 7.680555555555555, 5.578751341291767, 5.134306896847322, 42.95833333333333, 13.833333333333332, 59.388888888888886, 43.41666666666666, 40.49005932288141, 54.041666666666664, 9.777994738710614, 54.863260548253145, 55.36885949599527, 6.875, 56.72997060710638, 38.43055555555555, 1.8034651248602172, 0.8811995104514277, 8.083333333333332, 13.922016177876868, 6.152777777777778, 8.364380334189878, 65.69444444444444, 11.930772516488393, 38.666666666666664, 12.445648458319857, 11.06966140537728, 0.0, 0.0, 0.0, 0.0, 0.0, 0.0, 0.0, 0.0, 0.0, 0.0, 0.0, 0.0, 0.0, 0.0, 0.0, 0.0, 0.0, 0.0, 0.0]
	usedVehicles=5
	currentTime=[0.0, 56.72997060710638, 59.388888888888886, 0.0, 48.78224401661498]
	currentQuantity=[13.0, 20.0, 19.0, 12.0, 18.0]
	total_tour_length=8.43151987276642
	costObjectives=[8.43151987276642, 0.88545624636806]
}

21:

Ant{
	tours=[[-1, 7, 8, 9, 10, 12, 14, 13, 40, -1], [-1, 31, 36, 28, 44, 41, 43, 27, 29, 30, 32, -1], [-1, 11, 18, 17, 21, 20, 19, 39, 15, 37, 16, 22, 25, 24, -1], [-1, 0, 35, 34, 33, 26, -1], [-1, 38, 23, 42, 6, 5, 4, 3, 2, 1, -1]]
	tour_lengths=[1.3248615997280138, 2.0625048618562625, 2.1323465301609033, 1.2468902837928433, 1.6649165972283975]
	beginService=[0.0, 0.25946585683707507, 48.78224401661498, 47.92113290550387, 47.44235323946221, 46.33333333333333, 45.875, 39.64163943093313, 0.1416394309331329, 5.25, 5.736111111111112, 36.31944444444444, 2.5, 36.953062490997404, 46.783127288987984, 45.875, 13.430555555555555, 29.041666666666664, 4.4672547249401005, 3.969602615289471, 7.680555555555555, 5.578751341291767, 5.134306896847322, 42.95833333333333, 13.833333333333332, 59.388888888888886, 43.41666666666666, 40.49005932288141, 54.041666666666664, 9.777994738710614, 54.863260548253145, 55.36885949599527, 6.875, 56.72997060710638, 38.43055555555555, 1.8034651248602172, 0.8811995104514277, 8.083333333333332, 13.922016177876868, 6.152777777777778, 8.364380334189878, 65.69444444444444, 11.930772516488393, 38.666666666666664, 12.445648458319857, 11.06966140537728, 0.0, 0.0, 0.0, 0.0, 0.0, 0.0, 0.0, 0.0, 0.0, 0.0, 0.0, 0.0, 0.0, 0.0, 0.0, 0.0, 0.0, 0.0, 0.0]
	usedVehicles=5
	currentTime=[0.0, 56.72997060710638, 59.388888888888886, 0.0, 48.78224401661498]
	currentQuantity=[13.0, 20.0, 19.0, 12.0, 18.0]
	total_tour_length=8.43151987276642
	costObjectives=[8.43151987276642, 0.88545624636806]
}

22:

Ant{
	tours=[[-1, 7, 8, 9, 10, 12, 14, 13, 40, -1], [-1, 31, 36, 28, 44, 41, 43, 27, 29, 30, 32, -1], [-1, 11, 18, 17, 21, 20, 19, 39, 15, 37, 16, 22, 25, 24, -1], [-1, 0, 35, 34, 33, 26, -1], [-1, 38, 23, 42, 6, 5, 4, 3, 2, 1, -1]]
	tour_lengths=[1.3248615997280138, 2.0625048618562625, 2.1323465301609033, 1.2468902837928433, 1.6649165972283975]
	beginService=[0.0, 0.25946585683707507, 48.78224401661498, 47.92113290550387, 47.44235323946221, 46.33333333333333, 45.875, 39.64163943093313, 0.1416394309331329, 5.25, 5.736111111111112, 36.31944444444444, 2.5, 36.953062490997404, 46.783127288987984, 45.875, 13.430555555555555, 29.041666666666664, 4.4672547249401005, 3.969602615289471, 7.680555555555555, 5.578751341291767, 5.134306896847322, 42.95833333333333, 13.833333333333332, 59.388888888888886, 43.41666666666666, 40.49005932288141, 54.041666666666664, 9.777994738710614, 54.863260548253145, 55.36885949599527, 6.875, 56.72997060710638, 38.43055555555555, 1.8034651248602172, 0.8811995104514277, 8.083333333333332, 13.922016177876868, 6.152777777777778, 8.364380334189878, 65.69444444444444, 11.930772516488393, 38.666666666666664, 12.445648458319857, 11.06966140537728, 0.0, 0.0, 0.0, 0.0, 0.0, 0.0, 0.0, 0.0, 0.0, 0.0, 0.0, 0.0, 0.0, 0.0, 0.0, 0.0, 0.0, 0.0, 0.0]
	usedVehicles=5
	currentTime=[0.0, 56.72997060710638, 59.388888888888886, 0.0, 48.78224401661498]
	currentQuantity=[13.0, 20.0, 19.0, 12.0, 18.0]
	total_tour_length=8.43151987276642
	costObjectives=[8.43151987276642, 0.88545624636806]
}

23:

Ant{
	tours=[[-1, 7, 8, 9, 10, 12, 14, 13, 40, -1], [-1, 31, 36, 28, 44, 41, 43, 27, 29, 30, 32, -1], [-1, 11, 18, 17, 21, 20, 19, 39, 15, 37, 16, 22, 25, 24, -1], [-1, 0, 35, 34, 33, 26, -1], [-1, 38, 23, 42, 6, 5, 4, 3, 2, 1, -1]]
	tour_lengths=[1.3248615997280138, 2.0625048618562625, 2.1323465301609033, 1.2468902837928433, 1.6649165972283975]
	beginService=[0.0, 0.25946585683707507, 48.78224401661498, 47.92113290550387, 47.44235323946221, 46.33333333333333, 45.875, 39.64163943093313, 0.1416394309331329, 5.25, 5.736111111111112, 36.31944444444444, 2.5, 36.953062490997404, 46.783127288987984, 45.875, 13.430555555555555, 29.041666666666664, 4.4672547249401005, 3.969602615289471, 7.680555555555555, 5.578751341291767, 5.134306896847322, 42.95833333333333, 13.833333333333332, 59.388888888888886, 43.41666666666666, 40.49005932288141, 54.041666666666664, 9.777994738710614, 54.863260548253145, 55.36885949599527, 6.875, 56.72997060710638, 38.43055555555555, 1.8034651248602172, 0.8811995104514277, 8.083333333333332, 13.922016177876868, 6.152777777777778, 8.364380334189878, 65.69444444444444, 11.930772516488393, 38.666666666666664, 12.445648458319857, 11.06966140537728, 0.0, 0.0, 0.0, 0.0, 0.0, 0.0, 0.0, 0.0, 0.0, 0.0, 0.0, 0.0, 0.0, 0.0, 0.0, 0.0, 0.0, 0.0, 0.0]
	usedVehicles=5
	currentTime=[0.0, 56.72997060710638, 59.388888888888886, 0.0, 48.78224401661498]
	currentQuantity=[13.0, 20.0, 19.0, 12.0, 18.0]
	total_tour_length=8.43151987276642
	costObjectives=[8.43151987276642, 0.88545624636806]
}

24:

Ant{
	tours=[[-1, 7, 8, 9, 10, 12, 14, 13, 40, -1], [-1, 31, 36, 28, 44, 41, 43, 27, 29, 30, 32, -1], [-1, 11, 18, 17, 21, 20, 19, 39, 15, 37, 16, 22, 25, 24, -1], [-1, 0, 35, 34, 33, 26, -1], [-1, 38, 23, 42, 6, 5, 4, 3, 2, 1, -1]]
	tour_lengths=[1.3248615997280138, 2.0625048618562625, 2.1323465301609033, 1.2468902837928433, 1.6649165972283975]
	beginService=[0.0, 0.25946585683707507, 48.78224401661498, 47.92113290550387, 47.44235323946221, 46.33333333333333, 45.875, 39.64163943093313, 0.1416394309331329, 5.25, 5.736111111111112, 36.31944444444444, 2.5, 36.953062490997404, 46.783127288987984, 45.875, 13.430555555555555, 29.041666666666664, 4.4672547249401005, 3.969602615289471, 7.680555555555555, 5.578751341291767, 5.134306896847322, 42.95833333333333, 13.833333333333332, 59.388888888888886, 43.41666666666666, 40.49005932288141, 54.041666666666664, 9.777994738710614, 54.863260548253145, 55.36885949599527, 6.875, 56.72997060710638, 38.43055555555555, 1.8034651248602172, 0.8811995104514277, 8.083333333333332, 13.922016177876868, 6.152777777777778, 8.364380334189878, 65.69444444444444, 11.930772516488393, 38.666666666666664, 12.445648458319857, 11.06966140537728, 0.0, 0.0, 0.0, 0.0, 0.0, 0.0, 0.0, 0.0, 0.0, 0.0, 0.0, 0.0, 0.0, 0.0, 0.0, 0.0, 0.0, 0.0, 0.0]
	usedVehicles=5
	currentTime=[0.0, 56.72997060710638, 59.388888888888886, 0.0, 48.78224401661498]
	currentQuantity=[13.0, 20.0, 19.0, 12.0, 18.0]
	total_tour_length=8.43151987276642
	costObjectives=[8.43151987276642, 0.88545624636806]
}

25:

Ant{
	tours=[[-1, 7, 8, 9, 10, 12, 14, 13, 40, -1], [-1, 31, 36, 28, 44, 41, 43, 27, 29, 30, 32, -1], [-1, 11, 18, 17, 21, 20, 19, 39, 15, 37, 16, 22, 25, 24, -1], [-1, 0, 35, 34, 33, 26, -1], [-1, 38, 23, 42, 6, 5, 4, 3, 2, 1, -1]]
	tour_lengths=[1.3248615997280138, 2.0625048618562625, 2.1323465301609033, 1.2468902837928433, 1.6649165972283975]
	beginService=[0.0, 0.25946585683707507, 48.78224401661498, 47.92113290550387, 47.44235323946221, 46.33333333333333, 45.875, 39.64163943093313, 0.1416394309331329, 5.25, 5.736111111111112, 36.31944444444444, 2.5, 36.953062490997404, 46.783127288987984, 45.875, 13.430555555555555, 29.041666666666664, 4.4672547249401005, 3.969602615289471, 7.680555555555555, 5.578751341291767, 5.134306896847322, 42.95833333333333, 13.833333333333332, 59.388888888888886, 43.41666666666666, 40.49005932288141, 54.041666666666664, 9.777994738710614, 54.863260548253145, 55.36885949599527, 6.875, 56.72997060710638, 38.43055555555555, 1.8034651248602172, 0.8811995104514277, 8.083333333333332, 13.922016177876868, 6.152777777777778, 8.364380334189878, 65.69444444444444, 11.930772516488393, 38.666666666666664, 12.445648458319857, 11.06966140537728, 0.0, 0.0, 0.0, 0.0, 0.0, 0.0, 0.0, 0.0, 0.0, 0.0, 0.0, 0.0, 0.0, 0.0, 0.0, 0.0, 0.0, 0.0, 0.0]
	usedVehicles=5
	currentTime=[0.0, 56.72997060710638, 59.388888888888886, 0.0, 48.78224401661498]
	currentQuantity=[13.0, 20.0, 19.0, 12.0, 18.0]
	total_tour_length=8.43151987276642
	costObjectives=[8.43151987276642, 0.88545624636806]
}

26:

Ant{
	tours=[[-1, 7, 8, 9, 10, 12, 14, 13, 40, -1], [-1, 31, 36, 28, 44, 41, 43, 27, 29, 30, 32, -1], [-1, 11, 18, 17, 21, 20, 19, 39, 15, 37, 16, 22, 25, 24, -1], [-1, 0, 35, 34, 33, 26, -1], [-1, 38, 23, 42, 6, 5, 4, 3, 2, 1, -1]]
	tour_lengths=[1.3248615997280138, 2.0625048618562625, 2.1323465301609033, 1.2468902837928433, 1.6649165972283975]
	beginService=[0.0, 0.25946585683707507, 48.78224401661498, 47.92113290550387, 47.44235323946221, 46.33333333333333, 45.875, 39.64163943093313, 0.1416394309331329, 5.25, 5.736111111111112, 36.31944444444444, 2.5, 36.953062490997404, 46.783127288987984, 45.875, 13.430555555555555, 29.041666666666664, 4.4672547249401005, 3.969602615289471, 7.680555555555555, 5.578751341291767, 5.134306896847322, 42.95833333333333, 13.833333333333332, 59.388888888888886, 43.41666666666666, 40.49005932288141, 54.041666666666664, 9.777994738710614, 54.863260548253145, 55.36885949599527, 6.875, 56.72997060710638, 38.43055555555555, 1.8034651248602172, 0.8811995104514277, 8.083333333333332, 13.922016177876868, 6.152777777777778, 8.364380334189878, 65.69444444444444, 11.930772516488393, 38.666666666666664, 12.445648458319857, 11.06966140537728, 0.0, 0.0, 0.0, 0.0, 0.0, 0.0, 0.0, 0.0, 0.0, 0.0, 0.0, 0.0, 0.0, 0.0, 0.0, 0.0, 0.0, 0.0, 0.0]
	usedVehicles=5
	currentTime=[0.0, 56.72997060710638, 59.388888888888886, 0.0, 48.78224401661498]
	currentQuantity=[13.0, 20.0, 19.0, 12.0, 18.0]
	total_tour_length=8.43151987276642
	costObjectives=[8.43151987276642, 0.88545624636806]
}

27:

Ant{
	tours=[[-1, 7, 8, 9, 10, 12, 14, 13, 40, -1], [-1, 31, 36, 28, 44, 41, 43, 27, 29, 30, 32, -1], [-1, 11, 18, 17, 21, 20, 19, 39, 15, 37, 16, 22, 25, 24, -1], [-1, 0, 35, 34, 33, 26, -1], [-1, 38, 23, 42, 6, 5, 4, 3, 2, 1, -1]]
	tour_lengths=[1.3248615997280138, 2.0625048618562625, 2.1323465301609033, 1.2468902837928433, 1.6649165972283975]
	beginService=[0.0, 0.25946585683707507, 48.78224401661498, 47.92113290550387, 47.44235323946221, 46.33333333333333, 45.875, 39.64163943093313, 0.1416394309331329, 5.25, 5.736111111111112, 36.31944444444444, 2.5, 36.953062490997404, 46.783127288987984, 45.875, 13.430555555555555, 29.041666666666664, 4.4672547249401005, 3.969602615289471, 7.680555555555555, 5.578751341291767, 5.134306896847322, 42.95833333333333, 13.833333333333332, 59.388888888888886, 43.41666666666666, 40.49005932288141, 54.041666666666664, 9.777994738710614, 54.863260548253145, 55.36885949599527, 6.875, 56.72997060710638, 38.43055555555555, 1.8034651248602172, 0.8811995104514277, 8.083333333333332, 13.922016177876868, 6.152777777777778, 8.364380334189878, 65.69444444444444, 11.930772516488393, 38.666666666666664, 12.445648458319857, 11.06966140537728, 0.0, 0.0, 0.0, 0.0, 0.0, 0.0, 0.0, 0.0, 0.0, 0.0, 0.0, 0.0, 0.0, 0.0, 0.0, 0.0, 0.0, 0.0, 0.0]
	usedVehicles=5
	currentTime=[0.0, 56.72997060710638, 59.388888888888886, 0.0, 48.78224401661498]
	currentQuantity=[13.0, 20.0, 19.0, 12.0, 18.0]
	total_tour_length=8.43151987276642
	costObjectives=[8.43151987276642, 0.88545624636806]
}

28:

Ant{
	tours=[[-1, 7, 8, 9, 10, 12, 14, 13, 40, -1], [-1, 31, 36, 28, 44, 41, 43, 27, 29, 30, 32, -1], [-1, 11, 18, 17, 21, 20, 19, 39, 15, 37, 16, 22, 25, 24, -1], [-1, 0, 35, 34, 33, 26, -1], [-1, 38, 23, 42, 6, 5, 4, 3, 2, 1, -1]]
	tour_lengths=[1.3248615997280138, 2.0625048618562625, 2.1323465301609033, 1.2468902837928433, 1.6649165972283975]
	beginService=[0.0, 0.25946585683707507, 48.78224401661498, 47.92113290550387, 47.44235323946221, 46.33333333333333, 45.875, 39.64163943093313, 0.1416394309331329, 5.25, 5.736111111111112, 36.31944444444444, 2.5, 36.953062490997404, 46.783127288987984, 45.875, 13.430555555555555, 29.041666666666664, 4.4672547249401005, 3.969602615289471, 7.680555555555555, 5.578751341291767, 5.134306896847322, 42.95833333333333, 13.833333333333332, 59.388888888888886, 43.41666666666666, 40.49005932288141, 54.041666666666664, 9.777994738710614, 54.863260548253145, 55.36885949599527, 6.875, 56.72997060710638, 38.43055555555555, 1.8034651248602172, 0.8811995104514277, 8.083333333333332, 13.922016177876868, 6.152777777777778, 8.364380334189878, 65.69444444444444, 11.930772516488393, 38.666666666666664, 12.445648458319857, 11.06966140537728, 0.0, 0.0, 0.0, 0.0, 0.0, 0.0, 0.0, 0.0, 0.0, 0.0, 0.0, 0.0, 0.0, 0.0, 0.0, 0.0, 0.0, 0.0, 0.0]
	usedVehicles=5
	currentTime=[0.0, 56.72997060710638, 59.388888888888886, 0.0, 48.78224401661498]
	currentQuantity=[13.0, 20.0, 19.0, 12.0, 18.0]
	total_tour_length=8.43151987276642
	costObjectives=[8.43151987276642, 0.88545624636806]
}

29:

Ant{
	tours=[[-1, 7, 8, 9, 10, 12, 14, 13, 40, -1], [-1, 31, 36, 28, 44, 41, 43, 27, 29, 30, 32, -1], [-1, 11, 18, 17, 21, 20, 19, 39, 15, 37, 16, 22, 25, 24, -1], [-1, 0, 35, 34, 33, 26, -1], [-1, 38, 23, 42, 6, 5, 4, 3, 2, 1, -1]]
	tour_lengths=[1.3248615997280138, 2.0625048618562625, 2.1323465301609033, 1.2468902837928433, 1.6649165972283975]
	beginService=[0.0, 0.25946585683707507, 48.78224401661498, 47.92113290550387, 47.44235323946221, 46.33333333333333, 45.875, 39.64163943093313, 0.1416394309331329, 5.25, 5.736111111111112, 36.31944444444444, 2.5, 36.953062490997404, 46.783127288987984, 45.875, 13.430555555555555, 29.041666666666664, 4.4672547249401005, 3.969602615289471, 7.680555555555555, 5.578751341291767, 5.134306896847322, 42.95833333333333, 13.833333333333332, 59.388888888888886, 43.41666666666666, 40.49005932288141, 54.041666666666664, 9.777994738710614, 54.863260548253145, 55.36885949599527, 6.875, 56.72997060710638, 38.43055555555555, 1.8034651248602172, 0.8811995104514277, 8.083333333333332, 13.922016177876868, 6.152777777777778, 8.364380334189878, 65.69444444444444, 11.930772516488393, 38.666666666666664, 12.445648458319857, 11.06966140537728, 0.0, 0.0, 0.0, 0.0, 0.0, 0.0, 0.0, 0.0, 0.0, 0.0, 0.0, 0.0, 0.0, 0.0, 0.0, 0.0, 0.0, 0.0, 0.0]
	usedVehicles=5
	currentTime=[0.0, 56.72997060710638, 59.388888888888886, 0.0, 48.78224401661498]
	currentQuantity=[13.0, 20.0, 19.0, 12.0, 18.0]
	total_tour_length=8.43151987276642
	costObjectives=[8.43151987276642, 0.88545624636806]
}

30:

Ant{
	tours=[[-1, 7, 8, 9, 10, 12, 14, 13, 40, -1], [-1, 31, 36, 28, 44, 41, 43, 27, 29, 30, 32, -1], [-1, 11, 18, 17, 21, 20, 19, 39, 15, 37, 16, 22, 25, 24, -1], [-1, 0, 35, 34, 33, 26, -1], [-1, 38, 23, 42, 6, 5, 4, 3, 2, 1, -1]]
	tour_lengths=[1.3248615997280138, 2.0625048618562625, 2.1323465301609033, 1.2468902837928433, 1.6649165972283975]
	beginService=[0.0, 0.25946585683707507, 48.78224401661498, 47.92113290550387, 47.44235323946221, 46.33333333333333, 45.875, 39.64163943093313, 0.1416394309331329, 5.25, 5.736111111111112, 36.31944444444444, 2.5, 36.953062490997404, 46.783127288987984, 45.875, 13.430555555555555, 29.041666666666664, 4.4672547249401005, 3.969602615289471, 7.680555555555555, 5.578751341291767, 5.134306896847322, 42.95833333333333, 13.833333333333332, 59.388888888888886, 43.41666666666666, 40.49005932288141, 54.041666666666664, 9.777994738710614, 54.863260548253145, 55.36885949599527, 6.875, 56.72997060710638, 38.43055555555555, 1.8034651248602172, 0.8811995104514277, 8.083333333333332, 13.922016177876868, 6.152777777777778, 8.364380334189878, 65.69444444444444, 11.930772516488393, 38.666666666666664, 12.445648458319857, 11.06966140537728, 0.0, 0.0, 0.0, 0.0, 0.0, 0.0, 0.0, 0.0, 0.0, 0.0, 0.0, 0.0, 0.0, 0.0, 0.0, 0.0, 0.0, 0.0, 0.0]
	usedVehicles=5
	currentTime=[0.0, 56.72997060710638, 59.388888888888886, 0.0, 48.78224401661498]
	currentQuantity=[13.0, 20.0, 19.0, 12.0, 18.0]
	total_tour_length=8.43151987276642
	costObjectives=[8.43151987276642, 0.88545624636806]
}

31:

Ant{
	tours=[[-1, 7, 8, 9, 10, 12, 14, 13, 40, -1], [-1, 31, 36, 28, 44, 41, 43, 27, 29, 30, 32, -1], [-1, 11, 18, 17, 21, 20, 19, 39, 15, 37, 16, 22, 25, 24, -1], [-1, 0, 35, 34, 33, 26, -1], [-1, 38, 23, 42, 6, 5, 4, 3, 2, 1, -1]]
	tour_lengths=[1.3248615997280138, 2.0625048618562625, 2.1323465301609033, 1.2468902837928433, 1.6649165972283975]
	beginService=[0.0, 0.25946585683707507, 48.78224401661498, 47.92113290550387, 47.44235323946221, 46.33333333333333, 45.875, 39.64163943093313, 0.1416394309331329, 5.25, 5.736111111111112, 36.31944444444444, 2.5, 36.953062490997404, 46.783127288987984, 45.875, 13.430555555555555, 29.041666666666664, 4.4672547249401005, 3.969602615289471, 7.680555555555555, 5.578751341291767, 5.134306896847322, 42.95833333333333, 13.833333333333332, 59.388888888888886, 43.41666666666666, 40.49005932288141, 54.041666666666664, 9.777994738710614, 54.863260548253145, 55.36885949599527, 6.875, 56.72997060710638, 38.43055555555555, 1.8034651248602172, 0.8811995104514277, 8.083333333333332, 13.922016177876868, 6.152777777777778, 8.364380334189878, 65.69444444444444, 11.930772516488393, 38.666666666666664, 12.445648458319857, 11.06966140537728, 0.0, 0.0, 0.0, 0.0, 0.0, 0.0, 0.0, 0.0, 0.0, 0.0, 0.0, 0.0, 0.0, 0.0, 0.0, 0.0, 0.0, 0.0, 0.0]
	usedVehicles=5
	currentTime=[0.0, 56.72997060710638, 59.388888888888886, 0.0, 48.78224401661498]
	currentQuantity=[13.0, 20.0, 19.0, 12.0, 18.0]
	total_tour_length=8.43151987276642
	costObjectives=[8.43151987276642, 0.88545624636806]
}

32:

Ant{
	tours=[[-1, 7, 8, 9, 10, 12, 14, 13, 40, -1], [-1, 31, 36, 28, 44, 41, 43, 27, 29, 30, 32, -1], [-1, 11, 18, 17, 21, 20, 19, 39, 15, 37, 16, 22, 25, 24, -1], [-1, 0, 35, 34, 33, 26, -1], [-1, 38, 23, 42, 6, 5, 4, 3, 2, 1, -1]]
	tour_lengths=[1.3248615997280138, 2.0625048618562625, 2.1323465301609033, 1.2468902837928433, 1.6649165972283975]
	beginService=[0.0, 0.25946585683707507, 48.78224401661498, 47.92113290550387, 47.44235323946221, 46.33333333333333, 45.875, 39.64163943093313, 0.1416394309331329, 5.25, 5.736111111111112, 36.31944444444444, 2.5, 36.953062490997404, 46.783127288987984, 45.875, 13.430555555555555, 29.041666666666664, 4.4672547249401005, 3.969602615289471, 7.680555555555555, 5.578751341291767, 5.134306896847322, 42.95833333333333, 13.833333333333332, 59.388888888888886, 43.41666666666666, 40.49005932288141, 54.041666666666664, 9.777994738710614, 54.863260548253145, 55.36885949599527, 6.875, 56.72997060710638, 38.43055555555555, 1.8034651248602172, 0.8811995104514277, 8.083333333333332, 13.922016177876868, 6.152777777777778, 8.364380334189878, 65.69444444444444, 11.930772516488393, 38.666666666666664, 12.445648458319857, 11.06966140537728, 0.0, 0.0, 0.0, 0.0, 0.0, 0.0, 0.0, 0.0, 0.0, 0.0, 0.0, 0.0, 0.0, 0.0, 0.0, 0.0, 0.0, 0.0, 0.0]
	usedVehicles=5
	currentTime=[0.0, 56.72997060710638, 59.388888888888886, 0.0, 48.78224401661498]
	currentQuantity=[13.0, 20.0, 19.0, 12.0, 18.0]
	total_tour_length=8.43151987276642
	costObjectives=[8.43151987276642, 0.88545624636806]
}

33:

Ant{
	tours=[[-1, 7, 8, 9, 10, 12, 14, 13, 40, -1], [-1, 31, 36, 28, 44, 41, 43, 27, 29, 30, 32, -1], [-1, 11, 18, 17, 21, 20, 19, 39, 15, 37, 16, 22, 25, 24, -1], [-1, 0, 35, 34, 33, 26, -1], [-1, 38, 23, 42, 6, 5, 4, 3, 2, 1, -1]]
	tour_lengths=[1.3248615997280138, 2.0625048618562625, 2.1323465301609033, 1.2468902837928433, 1.6649165972283975]
	beginService=[0.0, 0.25946585683707507, 48.78224401661498, 47.92113290550387, 47.44235323946221, 46.33333333333333, 45.875, 39.64163943093313, 0.1416394309331329, 5.25, 5.736111111111112, 36.31944444444444, 2.5, 36.953062490997404, 46.783127288987984, 45.875, 13.430555555555555, 29.041666666666664, 4.4672547249401005, 3.969602615289471, 7.680555555555555, 5.578751341291767, 5.134306896847322, 42.95833333333333, 13.833333333333332, 59.388888888888886, 43.41666666666666, 40.49005932288141, 54.041666666666664, 9.777994738710614, 54.863260548253145, 55.36885949599527, 6.875, 56.72997060710638, 38.43055555555555, 1.8034651248602172, 0.8811995104514277, 8.083333333333332, 13.922016177876868, 6.152777777777778, 8.364380334189878, 65.69444444444444, 11.930772516488393, 38.666666666666664, 12.445648458319857, 11.06966140537728, 0.0, 0.0, 0.0, 0.0, 0.0, 0.0, 0.0, 0.0, 0.0, 0.0, 0.0, 0.0, 0.0, 0.0, 0.0, 0.0, 0.0, 0.0, 0.0]
	usedVehicles=5
	currentTime=[0.0, 56.72997060710638, 59.388888888888886, 0.0, 48.78224401661498]
	currentQuantity=[13.0, 20.0, 19.0, 12.0, 18.0]
	total_tour_length=8.43151987276642
	costObjectives=[8.43151987276642, 0.88545624636806]
}

34:

Ant{
	tours=[[-1, 7, 8, 9, 10, 12, 14, 13, 40, -1], [-1, 31, 36, 28, 44, 41, 43, 27, 29, 30, 32, -1], [-1, 11, 18, 17, 21, 20, 19, 39, 15, 37, 16, 22, 25, 24, -1], [-1, 0, 35, 34, 33, 26, -1], [-1, 38, 23, 42, 6, 5, 4, 3, 2, 1, -1]]
	tour_lengths=[1.3248615997280138, 2.0625048618562625, 2.1323465301609033, 1.2468902837928433, 1.6649165972283975]
	beginService=[0.0, 0.25946585683707507, 48.78224401661498, 47.92113290550387, 47.44235323946221, 46.33333333333333, 45.875, 39.64163943093313, 0.1416394309331329, 5.25, 5.736111111111112, 36.31944444444444, 2.5, 36.953062490997404, 46.783127288987984, 45.875, 13.430555555555555, 29.041666666666664, 4.4672547249401005, 3.969602615289471, 7.680555555555555, 5.578751341291767, 5.134306896847322, 42.95833333333333, 13.833333333333332, 59.388888888888886, 43.41666666666666, 40.49005932288141, 54.041666666666664, 9.777994738710614, 54.863260548253145, 55.36885949599527, 6.875, 56.72997060710638, 38.43055555555555, 1.8034651248602172, 0.8811995104514277, 8.083333333333332, 13.922016177876868, 6.152777777777778, 8.364380334189878, 65.69444444444444, 11.930772516488393, 38.666666666666664, 12.445648458319857, 11.06966140537728, 0.0, 0.0, 0.0, 0.0, 0.0, 0.0, 0.0, 0.0, 0.0, 0.0, 0.0, 0.0, 0.0, 0.0, 0.0, 0.0, 0.0, 0.0, 0.0]
	usedVehicles=5
	currentTime=[0.0, 56.72997060710638, 59.388888888888886, 0.0, 48.78224401661498]
	currentQuantity=[13.0, 20.0, 19.0, 12.0, 18.0]
	total_tour_length=8.43151987276642
	costObjectives=[8.43151987276642, 0.88545624636806]
}

35:

Ant{
	tours=[[-1, 7, 8, 9, 10, 12, 14, 13, 40, -1], [-1, 31, 36, 28, 44, 41, 43, 27, 29, 30, 32, -1], [-1, 11, 18, 17, 21, 20, 19, 39, 15, 37, 16, 22, 25, 24, -1], [-1, 0, 35, 34, 33, 26, -1], [-1, 38, 23, 42, 6, 5, 4, 3, 2, 1, -1]]
	tour_lengths=[1.3248615997280138, 2.0625048618562625, 2.1323465301609033, 1.2468902837928433, 1.6649165972283975]
	beginService=[0.0, 0.25946585683707507, 48.78224401661498, 47.92113290550387, 47.44235323946221, 46.33333333333333, 45.875, 39.64163943093313, 0.1416394309331329, 5.25, 5.736111111111112, 36.31944444444444, 2.5, 36.953062490997404, 46.783127288987984, 45.875, 13.430555555555555, 29.041666666666664, 4.4672547249401005, 3.969602615289471, 7.680555555555555, 5.578751341291767, 5.134306896847322, 42.95833333333333, 13.833333333333332, 59.388888888888886, 43.41666666666666, 40.49005932288141, 54.041666666666664, 9.777994738710614, 54.863260548253145, 55.36885949599527, 6.875, 56.72997060710638, 38.43055555555555, 1.8034651248602172, 0.8811995104514277, 8.083333333333332, 13.922016177876868, 6.152777777777778, 8.364380334189878, 65.69444444444444, 11.930772516488393, 38.666666666666664, 12.445648458319857, 11.06966140537728, 0.0, 0.0, 0.0, 0.0, 0.0, 0.0, 0.0, 0.0, 0.0, 0.0, 0.0, 0.0, 0.0, 0.0, 0.0, 0.0, 0.0, 0.0, 0.0]
	usedVehicles=5
	currentTime=[0.0, 56.72997060710638, 59.388888888888886, 0.0, 48.78224401661498]
	currentQuantity=[13.0, 20.0, 19.0, 12.0, 18.0]
	total_tour_length=8.43151987276642
	costObjectives=[8.43151987276642, 0.88545624636806]
}

36:

Ant{
	tours=[[-1, 7, 8, 9, 10, 12, 14, 13, 40, -1], [-1, 31, 36, 28, 44, 41, 43, 27, 29, 30, 32, -1], [-1, 11, 18, 17, 21, 20, 19, 39, 15, 37, 16, 22, 25, 24, -1], [-1, 0, 35, 34, 33, 26, -1], [-1, 38, 23, 42, 6, 5, 4, 3, 2, 1, -1]]
	tour_lengths=[1.3248615997280138, 2.0625048618562625, 2.1323465301609033, 1.2468902837928433, 1.6649165972283975]
	beginService=[0.0, 0.25946585683707507, 48.78224401661498, 47.92113290550387, 47.44235323946221, 46.33333333333333, 45.875, 39.64163943093313, 0.1416394309331329, 5.25, 5.736111111111112, 36.31944444444444, 2.5, 36.953062490997404, 46.783127288987984, 45.875, 13.430555555555555, 29.041666666666664, 4.4672547249401005, 3.969602615289471, 7.680555555555555, 5.578751341291767, 5.134306896847322, 42.95833333333333, 13.833333333333332, 59.388888888888886, 43.41666666666666, 40.49005932288141, 54.041666666666664, 9.777994738710614, 54.863260548253145, 55.36885949599527, 6.875, 56.72997060710638, 38.43055555555555, 1.8034651248602172, 0.8811995104514277, 8.083333333333332, 13.922016177876868, 6.152777777777778, 8.364380334189878, 65.69444444444444, 11.930772516488393, 38.666666666666664, 12.445648458319857, 11.06966140537728, 0.0, 0.0, 0.0, 0.0, 0.0, 0.0, 0.0, 0.0, 0.0, 0.0, 0.0, 0.0, 0.0, 0.0, 0.0, 0.0, 0.0, 0.0, 0.0]
	usedVehicles=5
	currentTime=[0.0, 56.72997060710638, 59.388888888888886, 0.0, 48.78224401661498]
	currentQuantity=[13.0, 20.0, 19.0, 12.0, 18.0]
	total_tour_length=8.43151987276642
	costObjectives=[8.43151987276642, 0.88545624636806]
}

37:

Ant{
	tours=[[-1, 7, 8, 9, 10, 12, 14, 13, 40, -1], [-1, 31, 36, 28, 44, 41, 43, 27, 29, 30, 32, -1], [-1, 11, 18, 17, 21, 20, 19, 39, 15, 37, 16, 22, 25, 24, -1], [-1, 0, 35, 34, 33, 26, -1], [-1, 38, 23, 42, 6, 5, 4, 3, 2, 1, -1]]
	tour_lengths=[1.3248615997280138, 2.0625048618562625, 2.1323465301609033, 1.2468902837928433, 1.6649165972283975]
	beginService=[0.0, 0.25946585683707507, 48.78224401661498, 47.92113290550387, 47.44235323946221, 46.33333333333333, 45.875, 39.64163943093313, 0.1416394309331329, 5.25, 5.736111111111112, 36.31944444444444, 2.5, 36.953062490997404, 46.783127288987984, 45.875, 13.430555555555555, 29.041666666666664, 4.4672547249401005, 3.969602615289471, 7.680555555555555, 5.578751341291767, 5.134306896847322, 42.95833333333333, 13.833333333333332, 59.388888888888886, 43.41666666666666, 40.49005932288141, 54.041666666666664, 9.777994738710614, 54.863260548253145, 55.36885949599527, 6.875, 56.72997060710638, 38.43055555555555, 1.8034651248602172, 0.8811995104514277, 8.083333333333332, 13.922016177876868, 6.152777777777778, 8.364380334189878, 65.69444444444444, 11.930772516488393, 38.666666666666664, 12.445648458319857, 11.06966140537728, 0.0, 0.0, 0.0, 0.0, 0.0, 0.0, 0.0, 0.0, 0.0, 0.0, 0.0, 0.0, 0.0, 0.0, 0.0, 0.0, 0.0, 0.0, 0.0]
	usedVehicles=5
	currentTime=[0.0, 56.72997060710638, 59.388888888888886, 0.0, 48.78224401661498]
	currentQuantity=[13.0, 20.0, 19.0, 12.0, 18.0]
	total_tour_length=8.43151987276642
	costObjectives=[8.43151987276642, 0.88545624636806]
}

38:

Ant{
	tours=[[-1, 7, 8, 9, 10, 12, 14, 13, 40, -1], [-1, 31, 36, 28, 44, 41, 43, 27, 29, 30, 32, -1], [-1, 11, 18, 17, 21, 20, 19, 39, 15, 37, 16, 22, 25, 24, -1], [-1, 0, 35, 34, 33, 26, -1], [-1, 38, 23, 42, 6, 5, 4, 3, 2, 1, -1]]
	tour_lengths=[1.3248615997280138, 2.0625048618562625, 2.1323465301609033, 1.2468902837928433, 1.6649165972283975]
	beginService=[0.0, 0.25946585683707507, 48.78224401661498, 47.92113290550387, 47.44235323946221, 46.33333333333333, 45.875, 39.64163943093313, 0.1416394309331329, 5.25, 5.736111111111112, 36.31944444444444, 2.5, 36.953062490997404, 46.783127288987984, 45.875, 13.430555555555555, 29.041666666666664, 4.4672547249401005, 3.969602615289471, 7.680555555555555, 5.578751341291767, 5.134306896847322, 42.95833333333333, 13.833333333333332, 59.388888888888886, 43.41666666666666, 40.49005932288141, 54.041666666666664, 9.777994738710614, 54.863260548253145, 55.36885949599527, 6.875, 56.72997060710638, 38.43055555555555, 1.8034651248602172, 0.8811995104514277, 8.083333333333332, 13.922016177876868, 6.152777777777778, 8.364380334189878, 65.69444444444444, 11.930772516488393, 38.666666666666664, 12.445648458319857, 11.06966140537728, 0.0, 0.0, 0.0, 0.0, 0.0, 0.0, 0.0, 0.0, 0.0, 0.0, 0.0, 0.0, 0.0, 0.0, 0.0, 0.0, 0.0, 0.0, 0.0]
	usedVehicles=5
	currentTime=[0.0, 56.72997060710638, 59.388888888888886, 0.0, 48.78224401661498]
	currentQuantity=[13.0, 20.0, 19.0, 12.0, 18.0]
	total_tour_length=8.43151987276642
	costObjectives=[8.43151987276642, 0.88545624636806]
}

39:

Ant{
	tours=[[-1, 7, 8, 9, 10, 12, 14, 13, 40, -1], [-1, 31, 36, 28, 44, 41, 43, 27, 29, 30, 32, -1], [-1, 11, 18, 17, 21, 20, 19, 39, 15, 37, 16, 22, 25, 24, -1], [-1, 0, 35, 34, 33, 26, -1], [-1, 38, 23, 42, 6, 5, 4, 3, 2, 1, -1]]
	tour_lengths=[1.3248615997280138, 2.0625048618562625, 2.1323465301609033, 1.2468902837928433, 1.6649165972283975]
	beginService=[0.0, 0.25946585683707507, 48.78224401661498, 47.92113290550387, 47.44235323946221, 46.33333333333333, 45.875, 39.64163943093313, 0.1416394309331329, 5.25, 5.736111111111112, 36.31944444444444, 2.5, 36.953062490997404, 46.783127288987984, 45.875, 13.430555555555555, 29.041666666666664, 4.4672547249401005, 3.969602615289471, 7.680555555555555, 5.578751341291767, 5.134306896847322, 42.95833333333333, 13.833333333333332, 59.388888888888886, 43.41666666666666, 40.49005932288141, 54.041666666666664, 9.777994738710614, 54.863260548253145, 55.36885949599527, 6.875, 56.72997060710638, 38.43055555555555, 1.8034651248602172, 0.8811995104514277, 8.083333333333332, 13.922016177876868, 6.152777777777778, 8.364380334189878, 65.69444444444444, 11.930772516488393, 38.666666666666664, 12.445648458319857, 11.06966140537728, 0.0, 0.0, 0.0, 0.0, 0.0, 0.0, 0.0, 0.0, 0.0, 0.0, 0.0, 0.0, 0.0, 0.0, 0.0, 0.0, 0.0, 0.0, 0.0]
	usedVehicles=5
	currentTime=[0.0, 56.72997060710638, 59.388888888888886, 0.0, 48.78224401661498]
	currentQuantity=[13.0, 20.0, 19.0, 12.0, 18.0]
	total_tour_length=8.43151987276642
	costObjectives=[8.43151987276642, 0.88545624636806]
}

40:

Ant{
	tours=[[-1, 7, 8, 9, 10, 12, 14, 13, 40, -1], [-1, 31, 36, 28, 44, 41, 43, 27, 29, 30, 32, -1], [-1, 11, 18, 17, 21, 20, 19, 39, 15, 37, 16, 22, 25, 24, -1], [-1, 0, 35, 34, 33, 26, -1], [-1, 38, 23, 42, 6, 5, 4, 3, 2, 1, -1]]
	tour_lengths=[1.3248615997280138, 2.0625048618562625, 2.1323465301609033, 1.2468902837928433, 1.6649165972283975]
	beginService=[0.0, 0.25946585683707507, 48.78224401661498, 47.92113290550387, 47.44235323946221, 46.33333333333333, 45.875, 39.64163943093313, 0.1416394309331329, 5.25, 5.736111111111112, 36.31944444444444, 2.5, 36.953062490997404, 46.783127288987984, 45.875, 13.430555555555555, 29.041666666666664, 4.4672547249401005, 3.969602615289471, 7.680555555555555, 5.578751341291767, 5.134306896847322, 42.95833333333333, 13.833333333333332, 59.388888888888886, 43.41666666666666, 40.49005932288141, 54.041666666666664, 9.777994738710614, 54.863260548253145, 55.36885949599527, 6.875, 56.72997060710638, 38.43055555555555, 1.8034651248602172, 0.8811995104514277, 8.083333333333332, 13.922016177876868, 6.152777777777778, 8.364380334189878, 65.69444444444444, 11.930772516488393, 38.666666666666664, 12.445648458319857, 11.06966140537728, 0.0, 0.0, 0.0, 0.0, 0.0, 0.0, 0.0, 0.0, 0.0, 0.0, 0.0, 0.0, 0.0, 0.0, 0.0, 0.0, 0.0, 0.0, 0.0]
	usedVehicles=5
	currentTime=[0.0, 56.72997060710638, 59.388888888888886, 0.0, 48.78224401661498]
	currentQuantity=[13.0, 20.0, 19.0, 12.0, 18.0]
	total_tour_length=8.43151987276642
	costObjectives=[8.43151987276642, 0.88545624636806]
}

41:

Ant{
	tours=[[-1, 7, 8, 9, 10, 12, 14, 13, 40, -1], [-1, 31, 36, 28, 44, 41, 43, 27, 29, 30, 32, -1], [-1, 11, 18, 17, 21, 20, 19, 39, 15, 37, 16, 22, 25, 24, -1], [-1, 0, 35, 34, 33, 26, -1], [-1, 38, 23, 42, 6, 5, 4, 3, 2, 1, -1]]
	tour_lengths=[1.3248615997280138, 2.0625048618562625, 2.1323465301609033, 1.2468902837928433, 1.6649165972283975]
	beginService=[0.0, 0.25946585683707507, 48.78224401661498, 47.92113290550387, 47.44235323946221, 46.33333333333333, 45.875, 39.64163943093313, 0.1416394309331329, 5.25, 5.736111111111112, 36.31944444444444, 2.5, 36.953062490997404, 46.783127288987984, 45.875, 13.430555555555555, 29.041666666666664, 4.4672547249401005, 3.969602615289471, 7.680555555555555, 5.578751341291767, 5.134306896847322, 42.95833333333333, 13.833333333333332, 59.388888888888886, 43.41666666666666, 40.49005932288141, 54.041666666666664, 9.777994738710614, 54.863260548253145, 55.36885949599527, 6.875, 56.72997060710638, 38.43055555555555, 1.8034651248602172, 0.8811995104514277, 8.083333333333332, 13.922016177876868, 6.152777777777778, 8.364380334189878, 65.69444444444444, 11.930772516488393, 38.666666666666664, 12.445648458319857, 11.06966140537728, 0.0, 0.0, 0.0, 0.0, 0.0, 0.0, 0.0, 0.0, 0.0, 0.0, 0.0, 0.0, 0.0, 0.0, 0.0, 0.0, 0.0, 0.0, 0.0]
	usedVehicles=5
	currentTime=[0.0, 56.72997060710638, 59.388888888888886, 0.0, 48.78224401661498]
	currentQuantity=[13.0, 20.0, 19.0, 12.0, 18.0]
	total_tour_length=8.43151987276642
	costObjectives=[8.43151987276642, 0.88545624636806]
}

42:

Ant{
	tours=[[-1, 7, 8, 9, 10, 12, 14, 13, 40, -1], [-1, 31, 36, 28, 44, 41, 43, 27, 29, 30, 32, -1], [-1, 11, 18, 17, 21, 20, 19, 39, 15, 37, 16, 22, 25, 24, -1], [-1, 0, 35, 34, 33, 26, -1], [-1, 38, 23, 42, 6, 5, 4, 3, 2, 1, -1]]
	tour_lengths=[1.3248615997280138, 2.0625048618562625, 2.1323465301609033, 1.2468902837928433, 1.6649165972283975]
	beginService=[0.0, 0.25946585683707507, 48.78224401661498, 47.92113290550387, 47.44235323946221, 46.33333333333333, 45.875, 39.64163943093313, 0.1416394309331329, 5.25, 5.736111111111112, 36.31944444444444, 2.5, 36.953062490997404, 46.783127288987984, 45.875, 13.430555555555555, 29.041666666666664, 4.4672547249401005, 3.969602615289471, 7.680555555555555, 5.578751341291767, 5.134306896847322, 42.95833333333333, 13.833333333333332, 59.388888888888886, 43.41666666666666, 40.49005932288141, 54.041666666666664, 9.777994738710614, 54.863260548253145, 55.36885949599527, 6.875, 56.72997060710638, 38.43055555555555, 1.8034651248602172, 0.8811995104514277, 8.083333333333332, 13.922016177876868, 6.152777777777778, 8.364380334189878, 65.69444444444444, 11.930772516488393, 38.666666666666664, 12.445648458319857, 11.06966140537728, 0.0, 0.0, 0.0, 0.0, 0.0, 0.0, 0.0, 0.0, 0.0, 0.0, 0.0, 0.0, 0.0, 0.0, 0.0, 0.0, 0.0, 0.0, 0.0]
	usedVehicles=5
	currentTime=[0.0, 56.72997060710638, 59.388888888888886, 0.0, 48.78224401661498]
	currentQuantity=[13.0, 20.0, 19.0, 12.0, 18.0]
	total_tour_length=8.43151987276642
	costObjectives=[8.43151987276642, 0.88545624636806]
}

43:

Ant{
	tours=[[-1, 7, 8, 9, 10, 12, 14, 13, 40, -1], [-1, 31, 36, 28, 44, 41, 43, 27, 29, 30, 32, -1], [-1, 11, 18, 17, 21, 20, 19, 39, 15, 37, 16, 22, 25, 24, -1], [-1, 0, 35, 34, 33, 26, -1], [-1, 38, 23, 42, 6, 5, 4, 3, 2, 1, -1]]
	tour_lengths=[1.3248615997280138, 2.0625048618562625, 2.1323465301609033, 1.2468902837928433, 1.6649165972283975]
	beginService=[0.0, 0.25946585683707507, 48.78224401661498, 47.92113290550387, 47.44235323946221, 46.33333333333333, 45.875, 39.64163943093313, 0.1416394309331329, 5.25, 5.736111111111112, 36.31944444444444, 2.5, 36.953062490997404, 46.783127288987984, 45.875, 13.430555555555555, 29.041666666666664, 4.4672547249401005, 3.969602615289471, 7.680555555555555, 5.578751341291767, 5.134306896847322, 42.95833333333333, 13.833333333333332, 59.388888888888886, 43.41666666666666, 40.49005932288141, 54.041666666666664, 9.777994738710614, 54.863260548253145, 55.36885949599527, 6.875, 56.72997060710638, 38.43055555555555, 1.8034651248602172, 0.8811995104514277, 8.083333333333332, 13.922016177876868, 6.152777777777778, 8.364380334189878, 65.69444444444444, 11.930772516488393, 38.666666666666664, 12.445648458319857, 11.06966140537728, 0.0, 0.0, 0.0, 0.0, 0.0, 0.0, 0.0, 0.0, 0.0, 0.0, 0.0, 0.0, 0.0, 0.0, 0.0, 0.0, 0.0, 0.0, 0.0]
	usedVehicles=5
	currentTime=[0.0, 56.72997060710638, 59.388888888888886, 0.0, 48.78224401661498]
	currentQuantity=[13.0, 20.0, 19.0, 12.0, 18.0]
	total_tour_length=8.43151987276642
	costObjectives=[8.43151987276642, 0.88545624636806]
}

44:

Ant{
	tours=[[-1, 7, 8, 9, 10, 12, 14, 13, 40, -1], [-1, 31, 36, 28, 44, 41, 43, 27, 29, 30, 32, -1], [-1, 11, 18, 17, 21, 20, 19, 39, 15, 37, 16, 22, 25, 24, -1], [-1, 0, 35, 34, 33, 26, -1], [-1, 38, 23, 42, 6, 5, 4, 3, 2, 1, -1]]
	tour_lengths=[1.3248615997280138, 2.0625048618562625, 2.1323465301609033, 1.2468902837928433, 1.6649165972283975]
	beginService=[0.0, 0.25946585683707507, 48.78224401661498, 47.92113290550387, 47.44235323946221, 46.33333333333333, 45.875, 39.64163943093313, 0.1416394309331329, 5.25, 5.736111111111112, 36.31944444444444, 2.5, 36.953062490997404, 46.783127288987984, 45.875, 13.430555555555555, 29.041666666666664, 4.4672547249401005, 3.969602615289471, 7.680555555555555, 5.578751341291767, 5.134306896847322, 42.95833333333333, 13.833333333333332, 59.388888888888886, 43.41666666666666, 40.49005932288141, 54.041666666666664, 9.777994738710614, 54.863260548253145, 55.36885949599527, 6.875, 56.72997060710638, 38.43055555555555, 1.8034651248602172, 0.8811995104514277, 8.083333333333332, 13.922016177876868, 6.152777777777778, 8.364380334189878, 65.69444444444444, 11.930772516488393, 38.666666666666664, 12.445648458319857, 11.06966140537728, 0.0, 0.0, 0.0, 0.0, 0.0, 0.0, 0.0, 0.0, 0.0, 0.0, 0.0, 0.0, 0.0, 0.0, 0.0, 0.0, 0.0, 0.0, 0.0]
	usedVehicles=5
	currentTime=[0.0, 56.72997060710638, 59.388888888888886, 0.0, 48.78224401661498]
	currentQuantity=[13.0, 20.0, 19.0, 12.0, 18.0]
	total_tour_length=8.43151987276642
	costObjectives=[8.43151987276642, 0.88545624636806]
}

45:

Ant{
	tours=[[-1, 7, 8, 9, 10, 12, 14, 13, 40, -1], [-1, 31, 36, 28, 44, 41, 43, 27, 29, 30, 32, -1], [-1, 11, 18, 17, 21, 20, 19, 39, 15, 37, 16, 22, 25, 24, -1], [-1, 0, 35, 34, 33, 26, -1], [-1, 38, 23, 42, 6, 5, 4, 3, 2, 1, -1]]
	tour_lengths=[1.3248615997280138, 2.0625048618562625, 2.1323465301609033, 1.2468902837928433, 1.6649165972283975]
	beginService=[0.0, 0.25946585683707507, 48.78224401661498, 47.92113290550387, 47.44235323946221, 46.33333333333333, 45.875, 39.64163943093313, 0.1416394309331329, 5.25, 5.736111111111112, 36.31944444444444, 2.5, 36.953062490997404, 46.783127288987984, 45.875, 13.430555555555555, 29.041666666666664, 4.4672547249401005, 3.969602615289471, 7.680555555555555, 5.578751341291767, 5.134306896847322, 42.95833333333333, 13.833333333333332, 59.388888888888886, 43.41666666666666, 40.49005932288141, 54.041666666666664, 9.777994738710614, 54.863260548253145, 55.36885949599527, 6.875, 56.72997060710638, 38.43055555555555, 1.8034651248602172, 0.8811995104514277, 8.083333333333332, 13.922016177876868, 6.152777777777778, 8.364380334189878, 65.69444444444444, 11.930772516488393, 38.666666666666664, 12.445648458319857, 11.06966140537728, 0.0, 0.0, 0.0, 0.0, 0.0, 0.0, 0.0, 0.0, 0.0, 0.0, 0.0, 0.0, 0.0, 0.0, 0.0, 0.0, 0.0, 0.0, 0.0]
	usedVehicles=5
	currentTime=[0.0, 56.72997060710638, 59.388888888888886, 0.0, 48.78224401661498]
	currentQuantity=[13.0, 20.0, 19.0, 12.0, 18.0]
	total_tour_length=8.43151987276642
	costObjectives=[8.43151987276642, 0.88545624636806]
}

46:

Ant{
	tours=[[-1, 7, 8, 9, 10, 12, 14, 13, 40, -1], [-1, 31, 36, 28, 44, 41, 43, 27, 29, 30, 32, -1], [-1, 11, 18, 17, 21, 20, 19, 39, 15, 37, 16, 22, 25, 24, -1], [-1, 0, 35, 34, 33, 26, -1], [-1, 38, 23, 42, 6, 5, 4, 3, 2, 1, -1]]
	tour_lengths=[1.3248615997280138, 2.0625048618562625, 2.1323465301609033, 1.2468902837928433, 1.6649165972283975]
	beginService=[0.0, 0.25946585683707507, 48.78224401661498, 47.92113290550387, 47.44235323946221, 46.33333333333333, 45.875, 39.64163943093313, 0.1416394309331329, 5.25, 5.736111111111112, 36.31944444444444, 2.5, 36.953062490997404, 46.783127288987984, 45.875, 13.430555555555555, 29.041666666666664, 4.4672547249401005, 3.969602615289471, 7.680555555555555, 5.578751341291767, 5.134306896847322, 42.95833333333333, 13.833333333333332, 59.388888888888886, 43.41666666666666, 40.49005932288141, 54.041666666666664, 9.777994738710614, 54.863260548253145, 55.36885949599527, 6.875, 56.72997060710638, 38.43055555555555, 1.8034651248602172, 0.8811995104514277, 8.083333333333332, 13.922016177876868, 6.152777777777778, 8.364380334189878, 65.69444444444444, 11.930772516488393, 38.666666666666664, 12.445648458319857, 11.06966140537728, 0.0, 0.0, 0.0, 0.0, 0.0, 0.0, 0.0, 0.0, 0.0, 0.0, 0.0, 0.0, 0.0, 0.0, 0.0, 0.0, 0.0, 0.0, 0.0]
	usedVehicles=5
	currentTime=[0.0, 56.72997060710638, 59.388888888888886, 0.0, 48.78224401661498]
	currentQuantity=[13.0, 20.0, 19.0, 12.0, 18.0]
	total_tour_length=8.43151987276642
	costObjectives=[8.43151987276642, 0.88545624636806]
}

47:

Ant{
	tours=[[-1, 7, 8, 9, 10, 12, 14, 13, 40, -1], [-1, 31, 36, 28, 44, 41, 43, 27, 29, 30, 32, -1], [-1, 11, 18, 17, 21, 20, 19, 39, 15, 37, 16, 22, 25, 24, -1], [-1, 0, 35, 34, 33, 26, -1], [-1, 38, 23, 42, 6, 5, 4, 3, 2, 1, -1]]
	tour_lengths=[1.3248615997280138, 2.0625048618562625, 2.1323465301609033, 1.2468902837928433, 1.6649165972283975]
	beginService=[0.0, 0.25946585683707507, 48.78224401661498, 47.92113290550387, 47.44235323946221, 46.33333333333333, 45.875, 39.64163943093313, 0.1416394309331329, 5.25, 5.736111111111112, 36.31944444444444, 2.5, 36.953062490997404, 46.783127288987984, 45.875, 13.430555555555555, 29.041666666666664, 4.4672547249401005, 3.969602615289471, 7.680555555555555, 5.578751341291767, 5.134306896847322, 42.95833333333333, 13.833333333333332, 59.388888888888886, 43.41666666666666, 40.49005932288141, 54.041666666666664, 9.777994738710614, 54.863260548253145, 55.36885949599527, 6.875, 56.72997060710638, 38.43055555555555, 1.8034651248602172, 0.8811995104514277, 8.083333333333332, 13.922016177876868, 6.152777777777778, 8.364380334189878, 65.69444444444444, 11.930772516488393, 38.666666666666664, 12.445648458319857, 11.06966140537728, 0.0, 0.0, 0.0, 0.0, 0.0, 0.0, 0.0, 0.0, 0.0, 0.0, 0.0, 0.0, 0.0, 0.0, 0.0, 0.0, 0.0, 0.0, 0.0]
	usedVehicles=5
	currentTime=[0.0, 56.72997060710638, 59.388888888888886, 0.0, 48.78224401661498]
	currentQuantity=[13.0, 20.0, 19.0, 12.0, 18.0]
	total_tour_length=8.43151987276642
	costObjectives=[8.43151987276642, 0.88545624636806]
}

48:

Ant{
	tours=[[-1, 7, 8, 9, 10, 12, 14, 13, 40, -1], [-1, 31, 36, 28, 44, 41, 43, 27, 29, 30, 32, -1], [-1, 11, 18, 17, 21, 20, 19, 39, 15, 37, 16, 22, 25, 24, -1], [-1, 0, 35, 34, 33, 26, -1], [-1, 38, 23, 42, 6, 5, 4, 3, 2, 1, -1]]
	tour_lengths=[1.3248615997280138, 2.0625048618562625, 2.1323465301609033, 1.2468902837928433, 1.6649165972283975]
	beginService=[0.0, 0.25946585683707507, 48.78224401661498, 47.92113290550387, 47.44235323946221, 46.33333333333333, 45.875, 39.64163943093313, 0.1416394309331329, 5.25, 5.736111111111112, 36.31944444444444, 2.5, 36.953062490997404, 46.783127288987984, 45.875, 13.430555555555555, 29.041666666666664, 4.4672547249401005, 3.969602615289471, 7.680555555555555, 5.578751341291767, 5.134306896847322, 42.95833333333333, 13.833333333333332, 59.388888888888886, 43.41666666666666, 40.49005932288141, 54.041666666666664, 9.777994738710614, 54.863260548253145, 55.36885949599527, 6.875, 56.72997060710638, 38.43055555555555, 1.8034651248602172, 0.8811995104514277, 8.083333333333332, 13.922016177876868, 6.152777777777778, 8.364380334189878, 65.69444444444444, 11.930772516488393, 38.666666666666664, 12.445648458319857, 11.06966140537728, 0.0, 0.0, 0.0, 0.0, 0.0, 0.0, 0.0, 0.0, 0.0, 0.0, 0.0, 0.0, 0.0, 0.0, 0.0, 0.0, 0.0, 0.0, 0.0]
	usedVehicles=5
	currentTime=[0.0, 56.72997060710638, 59.388888888888886, 0.0, 48.78224401661498]
	currentQuantity=[13.0, 20.0, 19.0, 12.0, 18.0]
	total_tour_length=8.43151987276642
	costObjectives=[8.43151987276642, 0.88545624636806]
}

49:

Ant{
	tours=[[-1, 7, 8, 9, 10, 12, 14, 13, 40, -1], [-1, 31, 36, 28, 44, 41, 43, 27, 29, 30, 32, -1], [-1, 11, 18, 17, 21, 20, 19, 39, 15, 37, 16, 22, 25, 24, -1], [-1, 0, 35, 34, 33, 26, -1], [-1, 38, 23, 42, 6, 5, 4, 3, 2, 1, -1]]
	tour_lengths=[1.3248615997280138, 2.0625048618562625, 2.1323465301609033, 1.2468902837928433, 1.6649165972283975]
	beginService=[0.0, 0.25946585683707507, 48.78224401661498, 47.92113290550387, 47.44235323946221, 46.33333333333333, 45.875, 39.64163943093313, 0.1416394309331329, 5.25, 5.736111111111112, 36.31944444444444, 2.5, 36.953062490997404, 46.783127288987984, 45.875, 13.430555555555555, 29.041666666666664, 4.4672547249401005, 3.969602615289471, 7.680555555555555, 5.578751341291767, 5.134306896847322, 42.95833333333333, 13.833333333333332, 59.388888888888886, 43.41666666666666, 40.49005932288141, 54.041666666666664, 9.777994738710614, 54.863260548253145, 55.36885949599527, 6.875, 56.72997060710638, 38.43055555555555, 1.8034651248602172, 0.8811995104514277, 8.083333333333332, 13.922016177876868, 6.152777777777778, 8.364380334189878, 65.69444444444444, 11.930772516488393, 38.666666666666664, 12.445648458319857, 11.06966140537728, 0.0, 0.0, 0.0, 0.0, 0.0, 0.0, 0.0, 0.0, 0.0, 0.0, 0.0, 0.0, 0.0, 0.0, 0.0, 0.0, 0.0, 0.0, 0.0]
	usedVehicles=5
	currentTime=[0.0, 56.72997060710638, 59.388888888888886, 0.0, 48.78224401661498]
	currentQuantity=[13.0, 20.0, 19.0, 12.0, 18.0]
	total_tour_length=8.43151987276642
	costObjectives=[8.43151987276642, 0.88545624636806]
}

50:

Ant{
	tours=[[-1, 7, 8, 9, 10, 12, 14, 13, 40, -1], [-1, 31, 36, 28, 44, 41, 43, 27, 29, 30, 32, -1], [-1, 11, 18, 17, 21, 20, 19, 39, 15, 37, 16, 22, 25, 24, -1], [-1, 0, 35, 34, 33, 26, -1], [-1, 38, 23, 42, 6, 5, 4, 3, 2, 1, -1]]
	tour_lengths=[1.3248615997280138, 2.0625048618562625, 2.1323465301609033, 1.2468902837928433, 1.6649165972283975]
	beginService=[0.0, 0.25946585683707507, 48.78224401661498, 47.92113290550387, 47.44235323946221, 46.33333333333333, 45.875, 39.64163943093313, 0.1416394309331329, 5.25, 5.736111111111112, 36.31944444444444, 2.5, 36.953062490997404, 46.783127288987984, 45.875, 13.430555555555555, 29.041666666666664, 4.4672547249401005, 3.969602615289471, 7.680555555555555, 5.578751341291767, 5.134306896847322, 42.95833333333333, 13.833333333333332, 59.388888888888886, 43.41666666666666, 40.49005932288141, 54.041666666666664, 9.777994738710614, 54.863260548253145, 55.36885949599527, 6.875, 56.72997060710638, 38.43055555555555, 1.8034651248602172, 0.8811995104514277, 8.083333333333332, 13.922016177876868, 6.152777777777778, 8.364380334189878, 65.69444444444444, 11.930772516488393, 38.666666666666664, 12.445648458319857, 11.06966140537728, 0.0, 0.0, 0.0, 0.0, 0.0, 0.0, 0.0, 0.0, 0.0, 0.0, 0.0, 0.0, 0.0, 0.0, 0.0, 0.0, 0.0, 0.0, 0.0]
	usedVehicles=5
	currentTime=[0.0, 56.72997060710638, 59.388888888888886, 0.0, 48.78224401661498]
	currentQuantity=[13.0, 20.0, 19.0, 12.0, 18.0]
	total_tour_length=8.43151987276642
	costObjectives=[8.43151987276642, 0.88545624636806]
}

51:

Ant{
	tours=[[-1, 7, 8, 9, 10, 12, 14, 13, 40, -1], [-1, 31, 36, 28, 44, 41, 43, 27, 29, 30, 32, -1], [-1, 11, 18, 17, 21, 20, 19, 39, 15, 37, 16, 22, 25, 24, -1], [-1, 0, 35, 34, 33, 26, -1], [-1, 38, 23, 42, 6, 5, 4, 3, 2, 1, -1]]
	tour_lengths=[1.3248615997280138, 2.0625048618562625, 2.1323465301609033, 1.2468902837928433, 1.6649165972283975]
	beginService=[0.0, 0.25946585683707507, 48.78224401661498, 47.92113290550387, 47.44235323946221, 46.33333333333333, 45.875, 39.64163943093313, 0.1416394309331329, 5.25, 5.736111111111112, 36.31944444444444, 2.5, 36.953062490997404, 46.783127288987984, 45.875, 13.430555555555555, 29.041666666666664, 4.4672547249401005, 3.969602615289471, 7.680555555555555, 5.578751341291767, 5.134306896847322, 42.95833333333333, 13.833333333333332, 59.388888888888886, 43.41666666666666, 40.49005932288141, 54.041666666666664, 9.777994738710614, 54.863260548253145, 55.36885949599527, 6.875, 56.72997060710638, 38.43055555555555, 1.8034651248602172, 0.8811995104514277, 8.083333333333332, 13.922016177876868, 6.152777777777778, 8.364380334189878, 65.69444444444444, 11.930772516488393, 38.666666666666664, 12.445648458319857, 11.06966140537728, 0.0, 0.0, 0.0, 0.0, 0.0, 0.0, 0.0, 0.0, 0.0, 0.0, 0.0, 0.0, 0.0, 0.0, 0.0, 0.0, 0.0, 0.0, 0.0]
	usedVehicles=5
	currentTime=[0.0, 56.72997060710638, 59.388888888888886, 0.0, 48.78224401661498]
	currentQuantity=[13.0, 20.0, 19.0, 12.0, 18.0]
	total_tour_length=8.43151987276642
	costObjectives=[8.43151987276642, 0.88545624636806]
}

