1:

Ant{
	tours=[[-1, 7, 8, 9, 47, 48, 10, 42, 6, 5, 4, 40, -1], [-1, 31, 36, 28, 44, 41, 43, 23, 15, 37, -1], [-1, 11, 18, 17, 21, 20, 19, 39, 25, 46, 24, 45, 30, -1], [-1, 0, 35, 34, 33, 26, 3, 2, 1, 32, 29, 27, -1], [-1, 38, 16, 22, 49, 14, 12, 13, -1]]
	tour_lengths=[2.1130210278027035, 2.2975743532720903, 3.7407044649467656, 2.7950829159168107, 2.5137587886603767]
	beginService=[0.0, 0.25946585683707507, 44.5482241104861, 43.68711299937499, 43.20833333333333, 46.33333333333333, 45.875, 39.64163943093313, 0.1416394309331329, 5.25, 5.736111111111112, 36.31944444444444, 2.5, 47.04461676333173, 47.986425786608216, 46.10017231888728, 16.238672378965198, 29.041666666666664, 4.4672547249401005, 3.969602615289471, 7.680555555555555, 5.578751341291767, 5.134306896847322, 42.95833333333333, 14.33589460118742, 59.388888888888886, 9.476876879221015, 40.49005932288141, 54.041666666666664, 9.777994738710614, 45.825636137722356, 60.76348021531841, 6.875, 45.228413915500134, 38.43055555555555, 1.8034651248602172, 0.8811995104514277, 8.083333333333332, 16.73013300128651, 6.152777777777778, 8.364380334189878, 65.69444444444444, 11.930772516488393, 38.666666666666664, 12.445648458319857, 11.06966140537728, 59.87499999999999, 38.666666666666664, 6.463342774652749, 21.11111111111111, 43.67417582261858, 0.0, 0.0, 0.0, 0.0, 0.0, 0.0, 0.0, 0.0, 0.0, 0.0, 0.0, 0.0, 0.0, 0.0]
	usedVehicles=5
	currentTime=[65.69444444444444, 16.73013300128651, 60.76348021531841, 54.041666666666664, 47.986425786608216]
	currentQuantity=[19.0, 20.0, 20.0, 19.0, 13.0]
	total_tour_length=13.460141550598747
	costObjectives=[13.460141550598747, 1.627683437144062]
}

2:

Ant{
	tours=[[-1, 7, 8, 9, 47, 48, 10, 14, 12, 13, 40, 2, 32, 29, -1], [-1, 31, 36, 28, 44, 41, 43, 23, 15, 24, -1], [-1, 11, 18, 17, 21, 20, 19, 39, 37, 16, 22, 49, -1], [-1, 0, 35, 34, 33, 26, 1, 3, 4, 5, 42, 27, -1], [-1, 38, 45, 25, 46, 30, 6, -1]]
	tour_lengths=[3.097953591826063, 2.3401816112323885, 2.4961727295745253, 3.4702661022280035, 2.77668683581662]
	beginService=[0.0, 0.25946585683707507, 41.367313179272635, 66.78387623492479, 43.20833333333333, 43.900686572795536, 45.875, 41.618596971326895, 0.1416394309331329, 5.25, 5.736111111111112, 36.31944444444444, 2.5, 46.81944444444445, 47.761253467720934, 45.875, 16.238672378965198, 29.041666666666664, 4.4672547249401005, 3.969602615289471, 7.680555555555555, 5.578751341291767, 5.134306896847322, 42.95833333333333, 14.33589460118742, 59.388888888888886, 7.198124069818083, 40.49005932288141, 54.041666666666664, 9.777994738710614, 68.50444030461675, 39.61692701978607, 6.875, 67.90721808239452, 38.43055555555555, 1.8034651248602172, 0.8811995104514277, 8.083333333333332, 9.247790768571322, 6.152777777777778, 8.364380334189878, 65.69444444444444, 11.930772516488393, 46.441254577975954, 12.445648458319857, 11.06966140537728, 6.650429887428407, 38.666666666666664, 6.463342774652749, 21.11111111111111, 43.67417582261858, 0.0, 0.0, 0.0, 0.0, 0.0, 0.0, 0.0, 0.0, 0.0, 0.0, 0.0, 0.0, 0.0, 0.0]
	usedVehicles=5
	currentTime=[68.50444030461675, 59.388888888888886, 43.67417582261858, 54.041666666666664, 41.618596971326895]
	currentQuantity=[20.0, 20.0, 20.0, 20.0, 11.0]
	total_tour_length=14.181260870677598
	costObjectives=[14.181260870677598, 1.130084490995615]
}

3:

Ant{
	tours=[[-1, 7, 8, 9, 47, 48, 10, 3, 5, 42, 4, 26, 1, 2, -1], [-1, 31, 36, 28, 44, 41, 43, 46, 27, 24, 45, 25, -1], [-1, 11, 18, 17, 21, 20, 19, 39, 40, -1], [-1, 0, 35, 34, 32, 30, 29, 33, 6, -1], [-1, 38, 23, 15, 37, 16, 22, 49, 14, 12, 13, -1]]
	tour_lengths=[2.629500152569769, 2.2620762303167132, 1.7681848670145417, 2.6454096779528022, 2.618164379535673]
	beginService=[0.0, 0.25946585683707507, 49.54754769635601, 49.991992140800456, 43.20833333333333, 47.444123405972256, 45.875, 40.722222222222214, 0.1416394309331329, 5.25, 5.736111111111112, 36.31944444444444, 2.5, 47.04461676333173, 47.986425786608216, 46.10017231888728, 15.736111111111109, 29.041666666666664, 4.4672547249401005, 3.969602615289471, 7.680555555555555, 5.578751341291767, 5.134306896847322, 42.95833333333333, 13.833333333333332, 59.388888888888886, 60.42269418238966, 48.670293839964785, 54.041666666666664, 9.777994738710614, 5.199338395411253, 3.8604061143357975, 6.875, 3.33262833655802, 38.43055555555555, 1.8034651248602172, 0.8811995104514277, 8.083333333333332, 16.22757173343242, 6.152777777777778, 8.364380334189878, 65.69444444444444, 11.930772516488393, 46.441254577975954, 12.445648458319857, 11.06966140537728, 59.87499999999999, 38.666666666666664, 6.463342774652749, 21.11111111111111, 43.67417582261858, 0.0, 0.0, 0.0, 0.0, 0.0, 0.0, 0.0, 0.0, 0.0, 0.0, 0.0, 0.0, 0.0, 0.0]
	usedVehicles=5
	currentTime=[49.991992140800456, 60.42269418238966, 65.69444444444444, 40.722222222222214, 47.986425786608216]
	currentQuantity=[19.0, 19.0, 15.0, 19.0, 19.0]
	total_tour_length=11.923335307389499
	costObjectives=[11.923335307389499, 0.8772248109382605]
}

4:

Ant{
	tours=[[-1, 7, 8, 9, 47, 6, 10, 3, 5, 4, 42, 2, 1, -1], [-1, 31, 36, 28, 44, 41, 43, 46, 27, 24, 45, 25, -1], [-1, 11, 18, 17, 21, 20, 19, 39, 48, 33, -1], [-1, 0, 35, 34, 30, 29, 32, 26, 40, 12, 13, -1], [-1, 38, 23, 15, 37, 16, 22, 49, 14, -1]]
	tour_lengths=[2.591492840060256, 2.2620762303167132, 2.9626950665398315, 2.5783220040300687, 2.412709846991355]
	beginService=[0.0, 0.25946585683707507, 49.360781725885325, 48.49967061477421, 43.20833333333333, 46.33333333333333, 45.875, 38.43055555555555, 0.1416394309331329, 5.25, 5.736111111111112, 40.51388888888888, 2.5, 66.82207805695023, 67.76388708022671, 46.10017231888728, 15.736111111111109, 29.041666666666664, 4.4672547249401005, 3.969602615289471, 7.680555555555555, 5.578751341291767, 5.134306896847322, 42.95833333333333, 13.833333333333332, 59.388888888888886, 60.42269418238966, 5.915897424250438, 54.041666666666664, 9.777994738710614, 4.682405920072077, 3.3434736389966213, 6.875, 5.2796281422943, 38.43055555555555, 1.8034651248602172, 0.8811995104514277, 8.083333333333332, 16.22757173343242, 6.152777777777778, 8.364380334189878, 65.69444444444444, 11.930772516488393, 47.33620216132963, 12.445648458319857, 11.06966140537728, 59.87499999999999, 38.666666666666664, 6.463342774652749, 21.11111111111111, 43.67417582261858, 0.0, 0.0, 0.0, 0.0, 0.0, 0.0, 0.0, 0.0, 0.0, 0.0, 0.0, 0.0, 0.0, 0.0]
	usedVehicles=5
	currentTime=[49.360781725885325, 60.42269418238966, 38.43055555555555, 67.76388708022671, 46.10017231888728]
	currentQuantity=[20.0, 19.0, 18.0, 19.0, 15.0]
	total_tour_length=12.807295987938225
	costObjectives=[12.807295987938225, 0.7006188362231183]
}

5:

Ant{
	tours=[[-1, 7, 8, 9, 47, 48, 10, 3, 5, 42, 4, 1, 2, 26, 32, -1], [-1, 31, 36, 28, 44, 41, 43, 46, 27, 25, 24, 45, -1], [-1, 11, 18, 17, 21, 20, 19, 39, -1], [-1, 0, 35, 34, 30, 29, 33, 6, 40, -1], [-1, 38, 23, 15, 37, 16, 22, 49, 13, 14, 12, -1]]
	tour_lengths=[2.9256062115943, 2.0193496509421602, 1.5811314604470865, 2.6258395638886673, 2.423687594431611]
	beginService=[0.0, 0.25946585683707507, 48.631555316638426, 49.07599976108287, 43.20833333333333, 47.444123405972256, 45.875, 40.722222222222214, 0.1416394309331329, 5.25, 5.736111111111112, 36.31944444444444, 2.5, 47.88785866716212, 46.03528693372969, 46.94341422271767, 15.736111111111109, 29.041666666666664, 4.4672547249401005, 3.969602615289471, 7.680555555555555, 5.578751341291767, 5.134306896847322, 42.95833333333333, 13.833333333333332, 59.388888888888886, 54.93055555555555, 49.980152809882775, 54.041666666666664, 9.777994738710614, 4.682405920072077, 3.3434736389966213, 6.875, 51.03308875850558, 38.43055555555555, 1.8034651248602172, 0.8811995104514277, 8.083333333333332, 16.22757173343242, 6.152777777777778, 8.364380334189878, 65.69444444444444, 11.930772516488393, 46.441254577975954, 12.445648458319857, 11.06966140537728, 59.87499999999999, 38.666666666666664, 6.463342774652749, 21.11111111111111, 43.67417582261858, 0.0, 0.0, 0.0, 0.0, 0.0, 0.0, 0.0, 0.0, 0.0, 0.0, 0.0, 0.0, 0.0, 0.0]
	usedVehicles=5
	currentTime=[51.03308875850558, 59.87499999999999, 8.364380334189878, 65.69444444444444, 47.88785866716212]
	currentQuantity=[20.0, 19.0, 13.0, 20.0, 19.0]
	total_tour_length=11.575614481303825
	costObjectives=[11.575614481303825, 1.3444747511472135]
}

6:

Ant{
	tours=[[-1, 7, 8, 9, 47, 48, 10, 3, 5, 42, 4, 1, 2, 26, 32, -1], [-1, 31, 36, 28, 44, 41, 43, 23, 15, 37, -1], [-1, 11, 18, 17, 21, 20, 19, 39, 16, 22, 49, 45, -1], [-1, 0, 35, 34, 33, 30, 29, 46, 27, 24, 25, -1], [-1, 38, 6, 14, 40, 12, 13, -1]]
	tour_lengths=[2.9256062115943, 2.2975743532720903, 2.4624406856565324, 2.6129481085716595, 2.8844858692956366]
	beginService=[0.0, 0.25946585683707507, 48.631555316638426, 49.07599976108287, 43.20833333333333, 47.444123405972256, 45.875, 38.43055555555555, 0.1416394309331329, 5.25, 5.736111111111112, 36.31944444444444, 2.5, 66.82207805695023, 67.76388708022671, 45.875, 16.238672378965198, 29.041666666666664, 4.4672547249401005, 3.969602615289471, 7.680555555555555, 5.578751341291767, 5.134306896847322, 42.95833333333333, 14.33589460118742, 59.388888888888886, 59.916666666666664, 49.980152809882775, 54.041666666666664, 9.777994738710614, 41.78586778974251, 40.44693550866705, 6.875, 51.03308875850558, 38.43055555555555, 1.8034651248602172, 0.8811995104514277, 8.083333333333332, 16.73013300128651, 6.152777777777778, 8.364380334189878, 65.69444444444444, 11.930772516488393, 46.441254577975954, 12.445648458319857, 11.06966140537728, 45.69055577573008, 42.64719586178646, 6.463342774652749, 21.11111111111111, 43.67417582261858, 0.0, 0.0, 0.0, 0.0, 0.0, 0.0, 0.0, 0.0, 0.0, 0.0, 0.0, 0.0, 0.0, 0.0]
	usedVehicles=5
	currentTime=[51.03308875850558, 16.73013300128651, 45.69055577573008, 59.916666666666664, 67.76388708022671]
	currentQuantity=[20.0, 20.0, 20.0, 18.0, 13.0]
	total_tour_length=13.183055228390218
	costObjectives=[13.183055228390218, 0.6280318583222098]
}

7:

Ant{
	tours=[[-1, 7, 8, 9, 47, 48, 2, 10, 3, 5, 42, 4, 1, 26, 32, -1], [-1, 31, 36, 28, 44, 41, 43, 46, 27, 25, 24, 45, -1], [-1, 11, 18, 17, 21, 20, 19, 39, 22, 49, 37, -1], [-1, 0, 35, 34, 30, 29, 33, 6, 40, -1], [-1, 38, 23, 15, 16, 14, 12, 13, -1]]
	tour_lengths=[3.4348945091780245, 2.0193496509421602, 2.4843145359430983, 2.6258395638886673, 1.7480140129049713]
	beginService=[0.0, 0.25946585683707507, 48.631555316638426, 21.833648827021463, 43.20833333333333, 47.444123405972256, 45.875, 40.722222222222214, 0.1416394309331329, 5.25, 5.736111111111112, 36.31944444444444, 2.5, 46.81944444444445, 47.761253467720934, 45.875, 15.736111111111109, 29.041666666666664, 4.4672547249401005, 3.969602615289471, 7.680555555555555, 5.578751341291767, 5.134306896847322, 42.95833333333333, 13.833333333333332, 59.388888888888886, 54.93055555555555, 49.09214250636298, 54.041666666666664, 9.777994738710614, 4.682405920072077, 3.3434736389966213, 6.875, 50.145078454985786, 38.43055555555555, 1.8034651248602172, 0.8811995104514277, 8.083333333333332, 45.664784261221094, 6.152777777777778, 8.364380334189878, 65.69444444444444, 11.930772516488393, 46.441254577975954, 12.445648458319857, 11.06966140537728, 59.87499999999999, 38.666666666666664, 6.463342774652749, 21.11111111111111, 43.67417582261858, 0.0, 0.0, 0.0, 0.0, 0.0, 0.0, 0.0, 0.0, 0.0, 0.0, 0.0, 0.0, 0.0, 0.0]
	usedVehicles=5
	currentTime=[50.145078454985786, 59.87499999999999, 45.664784261221094, 65.69444444444444, 47.761253467720934]
	currentQuantity=[20.0, 19.0, 19.0, 20.0, 13.0]
	total_tour_length=12.312412272856921
	costObjectives=[12.312412272856921, 1.6868804962730533]
}

8:

Ant{
	tours=[[-1, 7, 8, 9, 47, 48, 10, 3, 5, 42, 4, 1, 2, 26, 32, -1], [-1, 31, 36, 28, 44, 41, 43, 46, 27, 25, 24, 45, -1], [-1, 11, 18, 17, 21, 20, 19, 39, -1], [-1, 0, 35, 34, 30, 29, 33, 6, 40, -1], [-1, 38, 23, 15, 37, 16, 22, 49, 14, 13, 12, -1]]
	tour_lengths=[2.9256062115943, 2.0193496509421602, 1.5811314604470865, 2.6258395638886673, 2.4859375584212398]
	beginService=[0.0, 0.25946585683707507, 48.631555316638426, 49.07599976108287, 43.20833333333333, 47.444123405972256, 45.875, 40.722222222222214, 0.1416394309331329, 5.25, 5.736111111111112, 36.31944444444444, 2.5, 47.95010863115175, 47.008299607875266, 46.10017231888728, 15.736111111111109, 29.041666666666664, 4.4672547249401005, 3.969602615289471, 7.680555555555555, 5.578751341291767, 5.134306896847322, 42.95833333333333, 13.833333333333332, 59.388888888888886, 54.93055555555555, 49.980152809882775, 54.041666666666664, 9.777994738710614, 4.682405920072077, 3.3434736389966213, 6.875, 51.03308875850558, 38.43055555555555, 1.8034651248602172, 0.8811995104514277, 8.083333333333332, 16.22757173343242, 6.152777777777778, 8.364380334189878, 65.69444444444444, 11.930772516488393, 46.441254577975954, 12.445648458319857, 11.06966140537728, 59.87499999999999, 38.666666666666664, 6.463342774652749, 21.11111111111111, 43.67417582261858, 0.0, 0.0, 0.0, 0.0, 0.0, 0.0, 0.0, 0.0, 0.0, 0.0, 0.0, 0.0, 0.0, 0.0]
	usedVehicles=5
	currentTime=[51.03308875850558, 59.87499999999999, 8.364380334189878, 65.69444444444444, 47.95010863115175]
	currentQuantity=[20.0, 19.0, 13.0, 20.0, 19.0]
	total_tour_length=11.637864445293454
	costObjectives=[11.637864445293454, 1.3444747511472135]
}

9:

Ant{
	tours=[[-1, 7, 8, 9, 47, 48, 10, 3, 5, 42, 4, 1, 2, 32, 29, -1], [-1, 31, 36, 28, 44, 41, 43, 46, 27, 25, 24, 45, -1], [-1, 11, 18, 17, 21, 20, 19, 39, 40, -1], [-1, 0, 35, 34, 26, 30, 33, 6, -1], [-1, 38, 23, 15, 37, 16, 22, 49, 14, 13, 12, -1]]
	tour_lengths=[3.2450200297858527, 2.0193496509421602, 1.7681848670145417, 2.729845931178412, 2.4859375584212398]
	beginService=[0.0, 0.25946585683707507, 48.631555316638426, 49.07599976108287, 43.20833333333333, 47.444123405972256, 45.875, 40.722222222222214, 0.1416394309331329, 5.25, 5.736111111111112, 36.31944444444444, 2.5, 47.95010863115175, 47.008299607875266, 46.10017231888728, 15.736111111111109, 29.041666666666664, 4.4672547249401005, 3.969602615289471, 7.680555555555555, 5.578751341291767, 5.134306896847322, 42.95833333333333, 13.833333333333332, 59.388888888888886, 54.93055555555555, 3.3683480151034018, 54.041666666666664, 9.777994738710614, 50.79656383077483, 4.528586967768397, 6.875, 50.19934160855261, 38.43055555555555, 1.8034651248602172, 0.8811995104514277, 8.083333333333332, 16.22757173343242, 6.152777777777778, 8.364380334189878, 65.69444444444444, 11.930772516488393, 46.441254577975954, 12.445648458319857, 11.06966140537728, 59.87499999999999, 38.666666666666664, 6.463342774652749, 21.11111111111111, 43.67417582261858, 0.0, 0.0, 0.0, 0.0, 0.0, 0.0, 0.0, 0.0, 0.0, 0.0, 0.0, 0.0, 0.0, 0.0]
	usedVehicles=5
	currentTime=[50.79656383077483, 59.87499999999999, 65.69444444444444, 40.722222222222214, 47.95010863115175]
	currentQuantity=[19.0, 19.0, 15.0, 19.0, 19.0]
	total_tour_length=12.248338037342206
	costObjectives=[12.248338037342206, 1.476835162771311]
}

10:

Ant{
	tours=[[-1, 7, 8, 9, 47, 48, 10, 3, 5, 42, 4, 1, 2, 26, 32, -1], [-1, 31, 36, 28, 44, 41, 43, 46, 27, 25, 24, 45, -1], [-1, 11, 18, 17, 21, 20, 19, 39, -1], [-1, 0, 35, 34, 30, 29, 33, 6, 40, -1], [-1, 38, 23, 15, 37, 16, 22, 49, 13, 14, 12, -1]]
	tour_lengths=[2.9256062115943, 2.0193496509421602, 1.5811314604470865, 2.6258395638886673, 2.423687594431611]
	beginService=[0.0, 0.25946585683707507, 48.631555316638426, 49.07599976108287, 43.20833333333333, 47.444123405972256, 45.875, 40.722222222222214, 0.1416394309331329, 5.25, 5.736111111111112, 36.31944444444444, 2.5, 47.88785866716212, 46.03528693372969, 46.94341422271767, 15.736111111111109, 29.041666666666664, 4.4672547249401005, 3.969602615289471, 7.680555555555555, 5.578751341291767, 5.134306896847322, 42.95833333333333, 13.833333333333332, 59.388888888888886, 54.93055555555555, 49.980152809882775, 54.041666666666664, 9.777994738710614, 4.682405920072077, 3.3434736389966213, 6.875, 51.03308875850558, 38.43055555555555, 1.8034651248602172, 0.8811995104514277, 8.083333333333332, 16.22757173343242, 6.152777777777778, 8.364380334189878, 65.69444444444444, 11.930772516488393, 46.441254577975954, 12.445648458319857, 11.06966140537728, 59.87499999999999, 38.666666666666664, 6.463342774652749, 21.11111111111111, 43.67417582261858, 0.0, 0.0, 0.0, 0.0, 0.0, 0.0, 0.0, 0.0, 0.0, 0.0, 0.0, 0.0, 0.0, 0.0]
	usedVehicles=5
	currentTime=[51.03308875850558, 59.87499999999999, 8.364380334189878, 65.69444444444444, 47.88785866716212]
	currentQuantity=[20.0, 19.0, 13.0, 20.0, 19.0]
	total_tour_length=11.575614481303825
	costObjectives=[11.575614481303825, 1.3444747511472135]
}

11:

Ant{
	tours=[[-1, 7, 8, 9, 47, 48, 10, 3, 5, 42, 4, 1, 2, 40, -1], [-1, 31, 36, 28, 44, 41, 43, 46, 27, 25, 24, 45, -1], [-1, 11, 18, 17, 21, 20, 19, 39, 6, -1], [-1, 0, 35, 34, 30, 29, 32, 26, 33, -1], [-1, 38, 23, 15, 37, 16, 22, 49, 13, 14, 12, -1]]
	tour_lengths=[2.749682966951933, 2.0193496509421602, 2.630702785783667, 2.3227848906764796, 2.423687594431611]
	beginService=[0.0, 0.25946585683707507, 48.631555316638426, 49.07599976108287, 43.20833333333333, 47.444123405972256, 45.875, 38.43055555555555, 0.1416394309331329, 5.25, 5.736111111111112, 36.31944444444444, 2.5, 47.88785866716212, 46.03528693372969, 46.94341422271767, 15.736111111111109, 29.041666666666664, 4.4672547249401005, 3.969602615289471, 7.680555555555555, 5.578751341291767, 5.134306896847322, 42.95833333333333, 13.833333333333332, 59.388888888888886, 54.93055555555555, 5.915897424250438, 54.041666666666664, 9.777994738710614, 4.682405920072077, 3.3434736389966213, 6.875, 5.2796281422943, 38.43055555555555, 1.8034651248602172, 0.8811995104514277, 8.083333333333332, 16.22757173343242, 6.152777777777778, 8.364380334189878, 65.69444444444444, 11.930772516488393, 46.441254577975954, 12.445648458319857, 11.06966140537728, 59.87499999999999, 38.666666666666664, 6.463342774652749, 21.11111111111111, 43.67417582261858, 0.0, 0.0, 0.0, 0.0, 0.0, 0.0, 0.0, 0.0, 0.0, 0.0, 0.0, 0.0, 0.0, 0.0]
	usedVehicles=5
	currentTime=[65.69444444444444, 59.87499999999999, 38.43055555555555, 38.43055555555555, 47.88785866716212]
	currentQuantity=[19.0, 19.0, 17.0, 17.0, 19.0]
	total_tour_length=12.14620788878585
	costObjectives=[12.14620788878585, 0.7303333160097729]
}

12:

Ant{
	tours=[[-1, 7, 8, 9, 47, 48, 10, 42, 6, 5, 3, 2, 1, 32, -1], [-1, 31, 36, 28, 44, 41, 43, 46, 27, 25, 24, 45, -1], [-1, 11, 18, 17, 21, 20, 19, 39, -1], [-1, 0, 35, 34, 4, 26, 30, 29, 33, 40, -1], [-1, 38, 23, 15, 37, 16, 22, 49, 13, 14, 12, -1]]
	tour_lengths=[2.4107513858347986, 2.0193496509421602, 1.5811314604470865, 3.166110946652171, 2.423687594431611]
	beginService=[0.0, 0.25946585683707507, 47.93616455770085, 47.075053446589735, 46.596273780548074, 3.572024977710064, 45.875, 39.64163943093313, 0.1416394309331329, 5.25, 5.736111111111112, 36.31944444444444, 2.5, 47.88785866716212, 46.03528693372969, 46.94341422271767, 15.736111111111109, 29.041666666666664, 4.4672547249401005, 3.969602615289471, 7.680555555555555, 5.578751341291767, 5.134306896847322, 42.95833333333333, 13.833333333333332, 59.388888888888886, 54.93055555555555, 4.79819541170259, 54.041666666666664, 9.777994738710614, 7.297366645443041, 5.958434364367585, 6.875, 48.61635436271488, 38.43055555555555, 1.8034651248602172, 0.8811995104514277, 8.083333333333332, 16.22757173343242, 6.152777777777778, 8.364380334189878, 65.69444444444444, 11.930772516488393, 38.666666666666664, 12.445648458319857, 11.06966140537728, 59.87499999999999, 38.666666666666664, 6.463342774652749, 21.11111111111111, 43.67417582261858, 0.0, 0.0, 0.0, 0.0, 0.0, 0.0, 0.0, 0.0, 0.0, 0.0, 0.0, 0.0, 0.0, 0.0]
	usedVehicles=5
	currentTime=[48.61635436271488, 59.87499999999999, 8.364380334189878, 65.69444444444444, 47.88785866716212]
	currentQuantity=[20.0, 19.0, 13.0, 20.0, 19.0]
	total_tour_length=11.601031038307827
	costObjectives=[11.601031038307827, 1.5849794862050846]
}

13:

Ant{
	tours=[[-1, 7, 8, 9, 47, 48, 10, 3, 5, 42, 4, 1, 2, 26, 32, -1], [-1, 31, 36, 28, 44, 41, 43, 46, 27, 25, 24, 45, -1], [-1, 11, 18, 17, 21, 20, 19, 39, -1], [-1, 0, 35, 34, 30, 29, 33, 6, 40, -1], [-1, 38, 23, 15, 37, 16, 22, 49, 14, 13, 12, -1]]
	tour_lengths=[2.9256062115943, 2.0193496509421602, 1.5811314604470865, 2.6258395638886673, 2.4859375584212398]
	beginService=[0.0, 0.25946585683707507, 48.631555316638426, 49.07599976108287, 43.20833333333333, 47.444123405972256, 45.875, 40.722222222222214, 0.1416394309331329, 5.25, 5.736111111111112, 36.31944444444444, 2.5, 47.95010863115175, 47.008299607875266, 46.10017231888728, 15.736111111111109, 29.041666666666664, 4.4672547249401005, 3.969602615289471, 7.680555555555555, 5.578751341291767, 5.134306896847322, 42.95833333333333, 13.833333333333332, 59.388888888888886, 54.93055555555555, 49.980152809882775, 54.041666666666664, 9.777994738710614, 4.682405920072077, 3.3434736389966213, 6.875, 51.03308875850558, 38.43055555555555, 1.8034651248602172, 0.8811995104514277, 8.083333333333332, 16.22757173343242, 6.152777777777778, 8.364380334189878, 65.69444444444444, 11.930772516488393, 46.441254577975954, 12.445648458319857, 11.06966140537728, 59.87499999999999, 38.666666666666664, 6.463342774652749, 21.11111111111111, 43.67417582261858, 0.0, 0.0, 0.0, 0.0, 0.0, 0.0, 0.0, 0.0, 0.0, 0.0, 0.0, 0.0, 0.0, 0.0]
	usedVehicles=5
	currentTime=[51.03308875850558, 59.87499999999999, 8.364380334189878, 65.69444444444444, 47.95010863115175]
	currentQuantity=[20.0, 19.0, 13.0, 20.0, 19.0]
	total_tour_length=11.637864445293454
	costObjectives=[11.637864445293454, 1.3444747511472135]
}

14:

Ant{
	tours=[[-1, 7, 8, 9, 47, 48, 10, 3, 5, 42, 4, 1, 2, 26, 32, -1], [-1, 31, 36, 28, 44, 41, 43, 46, 27, 25, 24, 45, -1], [-1, 11, 18, 17, 21, 20, 19, 39, 23, 15, 37, 16, -1], [-1, 0, 35, 34, 30, 33, 29, 6, 40, -1], [-1, 38, 22, 49, 14, 12, 13, -1]]
	tour_lengths=[2.9256062115943, 2.0193496509421602, 2.2116996597234824, 3.0954167370249177, 2.143343188147493]
	beginService=[0.0, 0.25946585683707507, 48.631555316638426, 49.07599976108287, 43.20833333333333, 47.444123405972256, 45.875, 41.77554399556546, 0.1416394309331329, 5.25, 5.736111111111112, 36.31944444444444, 2.5, 47.04461676333173, 47.986425786608216, 46.10017231888728, 15.736111111111109, 29.041666666666664, 4.4672547249401005, 3.969602615289471, 7.680555555555555, 5.578751341291767, 5.134306896847322, 42.95833333333333, 13.833333333333332, 59.388888888888886, 54.93055555555555, 49.980152809882775, 54.041666666666664, 9.777994738710614, 40.52508116113192, 3.3434736389966213, 6.875, 51.03308875850558, 38.43055555555555, 1.8034651248602172, 0.8811995104514277, 8.083333333333332, 16.22757173343242, 6.152777777777778, 8.364380334189878, 65.69444444444444, 11.930772516488393, 46.441254577975954, 12.445648458319857, 11.06966140537728, 59.87499999999999, 38.666666666666664, 6.463342774652749, 21.11111111111111, 43.67417582261858, 0.0, 0.0, 0.0, 0.0, 0.0, 0.0, 0.0, 0.0, 0.0, 0.0, 0.0, 0.0, 0.0, 0.0]
	usedVehicles=5
	currentTime=[51.03308875850558, 59.87499999999999, 29.041666666666664, 65.69444444444444, 47.986425786608216]
	currentQuantity=[20.0, 19.0, 20.0, 20.0, 12.0]
	total_tour_length=12.395415447432352
	costObjectives=[12.395415447432352, 1.0760670860827575]
}

15:

Ant{
	tours=[[-1, 7, 8, 9, 47, 48, 10, 2, 3, 5, 42, 4, 1, 26, -1], [-1, 31, 36, 28, 44, 41, 43, 46, 27, 25, 24, 45, -1], [-1, 11, 18, 17, 21, 20, 19, 39, 23, 15, 37, 16, -1], [-1, 0, 35, 34, 32, 29, 30, 33, 6, -1], [-1, 38, 22, 49, 13, 14, 12, 40, -1]]
	tour_lengths=[2.6140699577037996, 2.0193496509421602, 2.2116996597234824, 2.6367084699323797, 1.9622952319269071]
	beginService=[0.0, 0.25946585683707507, 48.631555316638426, 37.053130894736476, 43.20833333333333, 47.444123405972256, 45.875, 40.722222222222214, 0.1416394309331329, 5.25, 5.736111111111112, 36.31944444444444, 2.5, 47.88785866716212, 46.03528693372969, 46.94341422271767, 15.736111111111109, 29.041666666666664, 4.4672547249401005, 3.969602615289471, 7.680555555555555, 5.578751341291767, 5.134306896847322, 42.95833333333333, 13.833333333333332, 59.388888888888886, 54.93055555555555, 49.09214250636298, 54.041666666666664, 9.777994738710614, 3.9298505587802417, 4.435449506522365, 6.875, 3.33262833655802, 38.43055555555555, 1.8034651248602172, 0.8811995104514277, 8.083333333333332, 16.22757173343242, 6.152777777777778, 8.364380334189878, 65.69444444444444, 11.930772516488393, 46.441254577975954, 12.445648458319857, 11.06966140537728, 59.87499999999999, 38.666666666666664, 6.463342774652749, 21.11111111111111, 43.67417582261858, 0.0, 0.0, 0.0, 0.0, 0.0, 0.0, 0.0, 0.0, 0.0, 0.0, 0.0, 0.0, 0.0, 0.0]
	usedVehicles=5
	currentTime=[49.09214250636298, 59.87499999999999, 29.041666666666664, 40.722222222222214, 65.69444444444444]
	currentQuantity=[19.0, 19.0, 20.0, 19.0, 14.0]
	total_tour_length=11.44412297022873
	costObjectives=[11.44412297022873, 0.6744132380054726]
}

16:

Ant{
	tours=[[-1, 7, 8, 9, 47, 10, 3, 5, 42, 4, 1, 26, 30, 29, -1], [-1, 31, 36, 28, 44, 41, 43, 46, 27, 25, 24, 45, -1], [-1, 11, 18, 17, 21, 20, 19, 39, 33, -1], [-1, 0, 35, 34, 2, 48, 12, 14, 13, 40, 32, -1], [-1, 38, 23, 15, 37, 16, 6, 22, 49, -1]]
	tour_lengths=[3.0956212740755324, 2.0193496509421602, 2.7701543102809976, 2.8037262670439547, 3.0517462987555333]
	beginService=[0.0, 0.25946585683707507, 48.631555316638426, 3.4156430362603647, 43.20833333333333, 47.444123405972256, 45.875, 38.43055555555555, 0.1416394309331329, 5.25, 5.736111111111112, 36.31944444444444, 2.5, 21.75767979662843, 46.783127288987984, 45.875, 15.736111111111109, 29.041666666666664, 4.4672547249401005, 3.969602615289471, 7.680555555555555, 5.578751341291767, 5.134306896847322, 42.95833333333333, 13.833333333333332, 59.388888888888886, 54.93055555555555, 49.09214250636298, 54.041666666666664, 9.777994738710614, 51.59131374010344, 50.25238145902798, 6.875, 66.98590062506862, 38.43055555555555, 1.8034651248602172, 0.8811995104514277, 8.083333333333332, 16.22757173343242, 6.152777777777778, 8.364380334189878, 65.69444444444444, 11.930772516488393, 46.441254577975954, 12.445648458319857, 11.06966140537728, 59.87499999999999, 38.666666666666664, 6.463342774652749, 21.11111111111111, 43.67417582261858, 0.0, 0.0, 0.0, 0.0, 0.0, 0.0, 0.0, 0.0, 0.0, 0.0, 0.0, 0.0, 0.0, 0.0]
	usedVehicles=5
	currentTime=[51.59131374010344, 59.87499999999999, 38.43055555555555, 66.98590062506862, 43.67417582261858]
	currentQuantity=[20.0, 19.0, 17.0, 18.0, 17.0]
	total_tour_length=13.740597801098177
	costObjectives=[13.740597801098177, 1.0762716231333722]
}

17:

Ant{
	tours=[[-1, 7, 8, 9, 47, 48, 10, 14, 13, 12, 40, 2, 26, -1], [-1, 31, 36, 28, 44, 41, 43, 46, 27, 25, 24, 45, 29, -1], [-1, 11, 18, 17, 21, 20, 19, 39, 6, -1], [-1, 0, 35, 34, 33, 30, 3, 5, 42, 4, 1, -1], [-1, 38, 23, 15, 37, 16, 22, 49, 32, -1]]
	tour_lengths=[2.3282406487178573, 2.7162590455724973, 2.630702785783667, 2.625149786173863, 2.142139907053914]
	beginService=[0.0, 0.25946585683707507, 48.631555316638426, 66.78387623492479, 43.20833333333333, 47.444123405972256, 45.875, 38.43055555555555, 0.1416394309331329, 5.25, 5.736111111111112, 36.31944444444444, 2.5, 47.72493631226447, 46.783127288987984, 45.875, 15.736111111111109, 29.041666666666664, 4.4672547249401005, 3.969602615289471, 7.680555555555555, 5.578751341291767, 5.134306896847322, 42.95833333333333, 13.833333333333332, 59.388888888888886, 54.93055555555555, 67.68802928372469, 54.041666666666664, 9.777994738710614, 60.758341600455864, 40.44693550866705, 6.875, 46.07891639237338, 38.43055555555555, 1.8034651248602172, 0.8811995104514277, 8.083333333333332, 16.22757173343242, 6.152777777777778, 8.364380334189878, 65.69444444444444, 11.930772516488393, 46.441254577975954, 12.445648458319857, 11.06966140537728, 59.87499999999999, 38.666666666666664, 6.463342774652749, 21.11111111111111, 43.67417582261858, 0.0, 0.0, 0.0, 0.0, 0.0, 0.0, 0.0, 0.0, 0.0, 0.0, 0.0, 0.0, 0.0, 0.0]
	usedVehicles=5
	currentTime=[67.68802928372469, 60.758341600455864, 38.43055555555555, 48.631555316638426, 46.07891639237338]
	currentQuantity=[20.0, 20.0, 17.0, 20.0, 14.0]
	total_tour_length=12.442492173301797
	costObjectives=[12.442492173301797, 0.5741191385185833]
}

18:

Ant{
	tours=[[-1, 7, 8, 9, 47, 48, 10, 13, 14, 12, 40, 1, 2, 32, -1], [-1, 31, 36, 28, 44, 41, 43, 46, 27, 25, 24, 45, -1], [-1, 11, 18, 17, 21, 20, 19, 39, 6, -1], [-1, 0, 35, 34, 4, 26, 30, 29, 33, 3, 5, -1], [-1, 38, 23, 15, 37, 16, 22, 49, 42, -1]]
	tour_lengths=[2.7025546141878194, 2.0193496509421602, 2.630702785783667, 3.5887803056129006, 2.5183746239793283]
	beginService=[0.0, 0.25946585683707507, 66.8027637482392, 67.24720819268364, 43.20833333333333, 3.572024977710064, 45.875, 38.43055555555555, 0.1416394309331329, 5.25, 5.736111111111112, 36.31944444444444, 2.5, 46.81944444444445, 37.06153818094055, 45.875, 15.736111111111109, 29.041666666666664, 4.4672547249401005, 3.969602615289471, 7.680555555555555, 5.578751341291767, 5.134306896847322, 42.95833333333333, 13.833333333333332, 59.388888888888886, 54.93055555555555, 4.79819541170259, 54.041666666666664, 9.777994738710614, 7.297366645443041, 5.958434364367585, 6.875, 68.37055004015338, 38.43055555555555, 1.8034651248602172, 0.8811995104514277, 8.083333333333332, 16.22757173343242, 6.152777777777778, 8.364380334189878, 65.69444444444444, 11.930772516488393, 46.30319316713636, 12.445648458319857, 11.06966140537728, 59.87499999999999, 38.666666666666664, 6.463342774652749, 21.11111111111111, 43.67417582261858, 0.0, 0.0, 0.0, 0.0, 0.0, 0.0, 0.0, 0.0, 0.0, 0.0, 0.0, 0.0, 0.0, 0.0]
	usedVehicles=5
	currentTime=[68.37055004015338, 59.87499999999999, 38.43055555555555, 45.875, 46.30319316713636]
	currentQuantity=[20.0, 19.0, 17.0, 20.0, 15.0]
	total_tour_length=13.459761980505876
	costObjectives=[13.459761980505876, 1.5694306546707404]
}

19:

Ant{
	tours=[[-1, 7, 8, 9, 47, 48, 10, 3, 5, 42, 4, 1, 2, 26, 32, -1], [-1, 31, 36, 28, 44, 41, 43, 46, 27, 25, 24, 45, -1], [-1, 11, 18, 17, 21, 20, 19, 39, -1], [-1, 0, 35, 34, 30, 29, 33, 6, 40, -1], [-1, 38, 23, 15, 37, 16, 22, 49, 13, 14, 12, -1]]
	tour_lengths=[2.9256062115943, 2.0193496509421602, 1.5811314604470865, 2.6258395638886673, 2.423687594431611]
	beginService=[0.0, 0.25946585683707507, 48.631555316638426, 49.07599976108287, 43.20833333333333, 47.444123405972256, 45.875, 40.722222222222214, 0.1416394309331329, 5.25, 5.736111111111112, 36.31944444444444, 2.5, 47.88785866716212, 46.03528693372969, 46.94341422271767, 15.736111111111109, 29.041666666666664, 4.4672547249401005, 3.969602615289471, 7.680555555555555, 5.578751341291767, 5.134306896847322, 42.95833333333333, 13.833333333333332, 59.388888888888886, 54.93055555555555, 49.980152809882775, 54.041666666666664, 9.777994738710614, 4.682405920072077, 3.3434736389966213, 6.875, 51.03308875850558, 38.43055555555555, 1.8034651248602172, 0.8811995104514277, 8.083333333333332, 16.22757173343242, 6.152777777777778, 8.364380334189878, 65.69444444444444, 11.930772516488393, 46.441254577975954, 12.445648458319857, 11.06966140537728, 59.87499999999999, 38.666666666666664, 6.463342774652749, 21.11111111111111, 43.67417582261858, 0.0, 0.0, 0.0, 0.0, 0.0, 0.0, 0.0, 0.0, 0.0, 0.0, 0.0, 0.0, 0.0, 0.0]
	usedVehicles=5
	currentTime=[51.03308875850558, 59.87499999999999, 8.364380334189878, 65.69444444444444, 47.88785866716212]
	currentQuantity=[20.0, 19.0, 13.0, 20.0, 19.0]
	total_tour_length=11.575614481303825
	costObjectives=[11.575614481303825, 1.3444747511472135]
}

20:

Ant{
	tours=[[-1, 7, 8, 9, 47, 48, 10, 3, 5, 42, 4, 1, 2, 26, 32, -1], [-1, 31, 36, 28, 44, 41, 43, 46, 27, 25, 24, 45, -1], [-1, 11, 18, 17, 21, 20, 19, 39, -1], [-1, 0, 35, 34, 30, 29, 33, 6, 40, -1], [-1, 38, 23, 15, 37, 16, 22, 49, 14, 12, 13, -1]]
	tour_lengths=[2.9256062115943, 2.0193496509421602, 1.5811314604470865, 2.6258395638886673, 2.618164379535673]
	beginService=[0.0, 0.25946585683707507, 48.631555316638426, 49.07599976108287, 43.20833333333333, 47.444123405972256, 45.875, 40.722222222222214, 0.1416394309331329, 5.25, 5.736111111111112, 36.31944444444444, 2.5, 47.04461676333173, 47.986425786608216, 46.10017231888728, 15.736111111111109, 29.041666666666664, 4.4672547249401005, 3.969602615289471, 7.680555555555555, 5.578751341291767, 5.134306896847322, 42.95833333333333, 13.833333333333332, 59.388888888888886, 54.93055555555555, 49.980152809882775, 54.041666666666664, 9.777994738710614, 4.682405920072077, 3.3434736389966213, 6.875, 51.03308875850558, 38.43055555555555, 1.8034651248602172, 0.8811995104514277, 8.083333333333332, 16.22757173343242, 6.152777777777778, 8.364380334189878, 65.69444444444444, 11.930772516488393, 46.441254577975954, 12.445648458319857, 11.06966140537728, 59.87499999999999, 38.666666666666664, 6.463342774652749, 21.11111111111111, 43.67417582261858, 0.0, 0.0, 0.0, 0.0, 0.0, 0.0, 0.0, 0.0, 0.0, 0.0, 0.0, 0.0, 0.0, 0.0]
	usedVehicles=5
	currentTime=[51.03308875850558, 59.87499999999999, 8.364380334189878, 65.69444444444444, 47.986425786608216]
	currentQuantity=[20.0, 19.0, 13.0, 20.0, 19.0]
	total_tour_length=11.770091266407887
	costObjectives=[11.770091266407887, 1.3444747511472135]
}

21:

Ant{
	tours=[[-1, 7, 8, 9, 47, 48, 10, 3, 2, 42, 5, 4, 1, 26, -1], [-1, 31, 36, 28, 44, 41, 43, 46, 27, 25, 24, 45, -1], [-1, 11, 18, 17, 21, 20, 19, 39, 23, 15, 37, 16, -1], [-1, 0, 35, 34, 32, 29, 30, 33, 6, -1], [-1, 38, 22, 49, 13, 14, 12, 40, -1]]
	tour_lengths=[2.520136422141407, 2.0193496509421602, 2.2116996597234824, 2.6367084699323797, 1.9622952319269071]
	beginService=[0.0, 0.25946585683707507, 47.5207652439995, 43.68711299937499, 43.20833333333333, 46.33333333333333, 45.875, 40.722222222222214, 0.1416394309331329, 5.25, 5.736111111111112, 36.31944444444444, 2.5, 47.88785866716212, 46.03528693372969, 46.94341422271767, 15.736111111111109, 29.041666666666664, 4.4672547249401005, 3.969602615289471, 7.680555555555555, 5.578751341291767, 5.134306896847322, 42.95833333333333, 13.833333333333332, 59.388888888888886, 54.93055555555555, 47.981352433724055, 54.041666666666664, 9.777994738710614, 3.9298505587802417, 4.435449506522365, 6.875, 3.33262833655802, 38.43055555555555, 1.8034651248602172, 0.8811995104514277, 8.083333333333332, 16.22757173343242, 6.152777777777778, 8.364380334189878, 65.69444444444444, 11.930772516488393, 44.85058145281957, 12.445648458319857, 11.06966140537728, 59.87499999999999, 38.666666666666664, 6.463342774652749, 21.11111111111111, 43.67417582261858, 0.0, 0.0, 0.0, 0.0, 0.0, 0.0, 0.0, 0.0, 0.0, 0.0, 0.0, 0.0, 0.0, 0.0]
	usedVehicles=5
	currentTime=[47.981352433724055, 59.87499999999999, 29.041666666666664, 40.722222222222214, 65.69444444444444]
	currentQuantity=[19.0, 19.0, 20.0, 19.0, 14.0]
	total_tour_length=11.350189434666337
	costObjectives=[11.350189434666337, 0.6744132380054726]
}

22:

Ant{
	tours=[[-1, 7, 8, 9, 47, 48, 10, 3, 2, 42, 5, 4, 1, 26, 32, -1], [-1, 31, 36, 28, 44, 41, 43, 46, 27, 25, 24, 45, -1], [-1, 11, 18, 17, 21, 20, 19, 39, -1], [-1, 0, 35, 34, 30, 29, 33, 6, 40, -1], [-1, 38, 23, 15, 37, 16, 22, 49, 13, 14, 12, -1]]
	tour_lengths=[2.830701419016378, 2.0193496509421602, 1.5811314604470865, 2.6258395638886673, 2.423687594431611]
	beginService=[0.0, 0.25946585683707507, 47.5207652439995, 43.68711299937499, 43.20833333333333, 46.33333333333333, 45.875, 40.722222222222214, 0.1416394309331329, 5.25, 5.736111111111112, 36.31944444444444, 2.5, 47.88785866716212, 46.03528693372969, 46.94341422271767, 15.736111111111109, 29.041666666666664, 4.4672547249401005, 3.969602615289471, 7.680555555555555, 5.578751341291767, 5.134306896847322, 42.95833333333333, 13.833333333333332, 59.388888888888886, 54.93055555555555, 47.981352433724055, 54.041666666666664, 9.777994738710614, 4.682405920072077, 3.3434736389966213, 6.875, 49.03428838234686, 38.43055555555555, 1.8034651248602172, 0.8811995104514277, 8.083333333333332, 16.22757173343242, 6.152777777777778, 8.364380334189878, 65.69444444444444, 11.930772516488393, 44.85058145281957, 12.445648458319857, 11.06966140537728, 59.87499999999999, 38.666666666666664, 6.463342774652749, 21.11111111111111, 43.67417582261858, 0.0, 0.0, 0.0, 0.0, 0.0, 0.0, 0.0, 0.0, 0.0, 0.0, 0.0, 0.0, 0.0, 0.0]
	usedVehicles=5
	currentTime=[49.03428838234686, 59.87499999999999, 8.364380334189878, 65.69444444444444, 47.88785866716212]
	currentQuantity=[20.0, 19.0, 13.0, 20.0, 19.0]
	total_tour_length=11.480709688725904
	costObjectives=[11.480709688725904, 1.2495699585692914]
}

23:

Ant{
	tours=[[-1, 7, 8, 9, 47, 48, 10, 3, 5, 42, 4, 2, 26, 40, -1], [-1, 31, 36, 28, 44, 41, 43, 46, 27, 25, 24, 45, -1], [-1, 11, 18, 17, 21, 20, 19, 39, 23, 15, 37, 16, -1], [-1, 0, 35, 34, 1, 13, 14, 12, -1], [-1, 38, 32, 29, 30, 33, 6, 22, 49, -1]]
	tour_lengths=[2.8159774733949363, 2.0193496509421602, 2.2116996597234824, 2.1908816149645434, 3.4715692411660553]
	beginService=[0.0, 0.25946585683707507, 3.3925361141861536, 48.61367114033087, 43.20833333333333, 47.444123405972256, 45.875, 40.722222222222214, 0.1416394309331329, 5.25, 5.736111111111112, 36.31944444444444, 2.5, 46.81944444444445, 4.471806138734851, 45.875, 15.736111111111109, 29.041666666666664, 4.4672547249401005, 3.969602615289471, 7.680555555555555, 5.578751341291767, 5.134306896847322, 43.259025283759826, 13.833333333333332, 59.388888888888886, 54.93055555555555, 49.51782418913078, 54.041666666666664, 9.777994738710614, 7.490608438602517, 7.99620738634464, 6.875, 6.893386216380295, 38.43055555555555, 1.8034651248602172, 0.8811995104514277, 8.083333333333332, 16.22757173343242, 6.152777777777778, 8.364380334189878, 65.69444444444444, 11.930772516488393, 46.441254577975954, 12.445648458319857, 11.06966140537728, 59.87499999999999, 38.666666666666664, 6.463342774652749, 21.11111111111111, 43.97486777304508, 0.0, 0.0, 0.0, 0.0, 0.0, 0.0, 0.0, 0.0, 0.0, 0.0, 0.0, 0.0, 0.0, 0.0]
	usedVehicles=5
	currentTime=[65.69444444444444, 59.87499999999999, 29.041666666666664, 46.81944444444445, 43.97486777304508]
	currentQuantity=[20.0, 19.0, 20.0, 13.0, 19.0]
	total_tour_length=12.709477640191178
	costObjectives=[12.709477640191178, 1.452219590223895]
}

24:

Ant{
	tours=[[-1, 7, 8, 9, 47, 48, 10, 3, 5, 42, 4, 1, 26, 30, -1], [-1, 31, 36, 28, 44, 41, 43, 46, 27, 25, 24, 45, -1], [-1, 11, 18, 17, 21, 20, 19, 39, -1], [-1, 0, 35, 34, 2, 32, 29, 33, 6, 40, -1], [-1, 38, 23, 15, 37, 16, 22, 49, 14, 13, 12, -1]]
	tour_lengths=[3.0806136026672504, 2.0193496509421602, 1.5811314604470865, 3.079640749768914, 2.4859375584212398]
	beginService=[0.0, 0.25946585683707507, 48.631555316638426, 3.4156430362603647, 43.20833333333333, 47.444123405972256, 45.875, 40.722222222222214, 0.1416394309331329, 5.25, 5.736111111111112, 36.31944444444444, 2.5, 47.95010863115175, 47.008299607875266, 46.10017231888728, 15.736111111111109, 29.041666666666664, 4.4672547249401005, 3.969602615289471, 7.680555555555555, 5.578751341291767, 5.134306896847322, 42.95833333333333, 13.833333333333332, 59.388888888888886, 54.93055555555555, 49.09214250636298, 54.041666666666664, 9.777994738710614, 5.136207105952324, 50.25238145902798, 6.875, 4.538984883730102, 38.43055555555555, 1.8034651248602172, 0.8811995104514277, 8.083333333333332, 16.22757173343242, 6.152777777777778, 8.364380334189878, 65.69444444444444, 11.930772516488393, 46.441254577975954, 12.445648458319857, 11.06966140537728, 59.87499999999999, 38.666666666666664, 6.463342774652749, 21.11111111111111, 43.67417582261858, 0.0, 0.0, 0.0, 0.0, 0.0, 0.0, 0.0, 0.0, 0.0, 0.0, 0.0, 0.0, 0.0, 0.0]
	usedVehicles=5
	currentTime=[50.25238145902798, 59.87499999999999, 8.364380334189878, 65.69444444444444, 47.95010863115175]
	currentQuantity=[20.0, 19.0, 13.0, 20.0, 19.0]
	total_tour_length=12.246673022246652
	costObjectives=[12.246673022246652, 1.4994821422201638]
}

25:

Ant{
	tours=[[-1, 7, 8, 9, 47, 48, 10, 3, 5, 42, 4, 1, 2, 32, 29, -1], [-1, 31, 36, 28, 44, 41, 43, 46, 27, 25, 24, 45, -1], [-1, 11, 18, 17, 21, 20, 19, 39, 40, -1], [-1, 0, 35, 34, 26, 30, 33, 6, -1], [-1, 38, 23, 15, 37, 16, 22, 49, 13, 14, 12, -1]]
	tour_lengths=[3.2450200297858527, 2.0193496509421602, 1.7681848670145417, 2.729845931178412, 2.423687594431611]
	beginService=[0.0, 0.25946585683707507, 48.631555316638426, 49.07599976108287, 43.20833333333333, 47.444123405972256, 45.875, 40.722222222222214, 0.1416394309331329, 5.25, 5.736111111111112, 36.31944444444444, 2.5, 47.88785866716212, 46.03528693372969, 46.94341422271767, 15.736111111111109, 29.041666666666664, 4.4672547249401005, 3.969602615289471, 7.680555555555555, 5.578751341291767, 5.134306896847322, 42.95833333333333, 13.833333333333332, 59.388888888888886, 54.93055555555555, 3.3683480151034018, 54.041666666666664, 9.777994738710614, 50.79656383077483, 4.528586967768397, 6.875, 50.19934160855261, 38.43055555555555, 1.8034651248602172, 0.8811995104514277, 8.083333333333332, 16.22757173343242, 6.152777777777778, 8.364380334189878, 65.69444444444444, 11.930772516488393, 46.441254577975954, 12.445648458319857, 11.06966140537728, 59.87499999999999, 38.666666666666664, 6.463342774652749, 21.11111111111111, 43.67417582261858, 0.0, 0.0, 0.0, 0.0, 0.0, 0.0, 0.0, 0.0, 0.0, 0.0, 0.0, 0.0, 0.0, 0.0]
	usedVehicles=5
	currentTime=[50.79656383077483, 59.87499999999999, 65.69444444444444, 40.722222222222214, 47.88785866716212]
	currentQuantity=[19.0, 19.0, 15.0, 19.0, 19.0]
	total_tour_length=12.186088073352577
	costObjectives=[12.186088073352577, 1.476835162771311]
}

26:

Ant{
	tours=[[-1, 7, 8, 9, 47, 48, 10, 3, 5, 42, 4, 1, 2, 26, 32, -1], [-1, 31, 36, 28, 44, 41, 43, 46, 27, 25, 24, 45, -1], [-1, 11, 18, 17, 21, 20, 19, 39, -1], [-1, 0, 35, 34, 30, 29, 33, 6, 40, -1], [-1, 38, 23, 15, 37, 16, 22, 49, 13, 14, 12, -1]]
	tour_lengths=[2.9256062115943, 2.0193496509421602, 1.5811314604470865, 2.6258395638886673, 2.423687594431611]
	beginService=[0.0, 0.25946585683707507, 48.631555316638426, 49.07599976108287, 43.20833333333333, 47.444123405972256, 45.875, 40.722222222222214, 0.1416394309331329, 5.25, 5.736111111111112, 36.31944444444444, 2.5, 47.88785866716212, 46.03528693372969, 46.94341422271767, 15.736111111111109, 29.041666666666664, 4.4672547249401005, 3.969602615289471, 7.680555555555555, 5.578751341291767, 5.134306896847322, 42.95833333333333, 13.833333333333332, 59.388888888888886, 54.93055555555555, 49.980152809882775, 54.041666666666664, 9.777994738710614, 4.682405920072077, 3.3434736389966213, 6.875, 51.03308875850558, 38.43055555555555, 1.8034651248602172, 0.8811995104514277, 8.083333333333332, 16.22757173343242, 6.152777777777778, 8.364380334189878, 65.69444444444444, 11.930772516488393, 46.441254577975954, 12.445648458319857, 11.06966140537728, 59.87499999999999, 38.666666666666664, 6.463342774652749, 21.11111111111111, 43.67417582261858, 0.0, 0.0, 0.0, 0.0, 0.0, 0.0, 0.0, 0.0, 0.0, 0.0, 0.0, 0.0, 0.0, 0.0]
	usedVehicles=5
	currentTime=[51.03308875850558, 59.87499999999999, 8.364380334189878, 65.69444444444444, 47.88785866716212]
	currentQuantity=[20.0, 19.0, 13.0, 20.0, 19.0]
	total_tour_length=11.575614481303825
	costObjectives=[11.575614481303825, 1.3444747511472135]
}

27:

Ant{
	tours=[[-1, 7, 8, 9, 47, 48, 10, 3, 5, 42, 4, 1, 2, 26, -1], [-1, 31, 36, 28, 44, 41, 43, 46, 27, 25, 24, 45, -1], [-1, 11, 18, 17, 21, 20, 19, 39, 40, -1], [-1, 0, 35, 34, 32, 29, 30, 33, 6, -1], [-1, 38, 23, 15, 37, 16, 22, 49, 13, 14, 12, -1]]
	tour_lengths=[2.615041214719329, 2.0193496509421602, 1.7681848670145417, 2.6367084699323797, 2.423687594431611]
	beginService=[0.0, 0.25946585683707507, 48.631555316638426, 49.07599976108287, 43.20833333333333, 47.444123405972256, 45.875, 40.722222222222214, 0.1416394309331329, 5.25, 5.736111111111112, 36.31944444444444, 2.5, 47.88785866716212, 46.03528693372969, 46.94341422271767, 15.736111111111109, 29.041666666666664, 4.4672547249401005, 3.969602615289471, 7.680555555555555, 5.578751341291767, 5.134306896847322, 42.95833333333333, 13.833333333333332, 59.388888888888886, 54.93055555555555, 49.980152809882775, 54.041666666666664, 9.777994738710614, 3.9298505587802417, 4.435449506522365, 6.875, 3.33262833655802, 38.43055555555555, 1.8034651248602172, 0.8811995104514277, 8.083333333333332, 16.22757173343242, 6.152777777777778, 8.364380334189878, 65.69444444444444, 11.930772516488393, 46.441254577975954, 12.445648458319857, 11.06966140537728, 59.87499999999999, 38.666666666666664, 6.463342774652749, 21.11111111111111, 43.67417582261858, 0.0, 0.0, 0.0, 0.0, 0.0, 0.0, 0.0, 0.0, 0.0, 0.0, 0.0, 0.0, 0.0, 0.0]
	usedVehicles=5
	currentTime=[49.980152809882775, 59.87499999999999, 65.69444444444444, 40.722222222222214, 47.88785866716212]
	currentQuantity=[19.0, 19.0, 15.0, 19.0, 19.0]
	total_tour_length=11.462971797040021
	costObjectives=[11.462971797040021, 0.868523602917838]
}

28:

Ant{
	tours=[[-1, 7, 8, 9, 47, 48, 10, 3, 5, 42, 4, 1, 2, 26, 32, -1], [-1, 31, 36, 28, 44, 41, 43, 46, 27, 25, 24, 45, -1], [-1, 11, 18, 17, 21, 20, 19, 39, -1], [-1, 0, 35, 34, 30, 29, 33, 6, 40, -1], [-1, 38, 23, 15, 37, 16, 22, 49, 13, 14, 12, -1]]
	tour_lengths=[2.9256062115943, 2.0193496509421602, 1.5811314604470865, 2.6258395638886673, 2.423687594431611]
	beginService=[0.0, 0.25946585683707507, 48.631555316638426, 49.07599976108287, 43.20833333333333, 47.444123405972256, 45.875, 40.722222222222214, 0.1416394309331329, 5.25, 5.736111111111112, 36.31944444444444, 2.5, 47.88785866716212, 46.03528693372969, 46.94341422271767, 15.736111111111109, 29.041666666666664, 4.4672547249401005, 3.969602615289471, 7.680555555555555, 5.578751341291767, 5.134306896847322, 42.95833333333333, 13.833333333333332, 59.388888888888886, 54.93055555555555, 49.980152809882775, 54.041666666666664, 9.777994738710614, 4.682405920072077, 3.3434736389966213, 6.875, 51.03308875850558, 38.43055555555555, 1.8034651248602172, 0.8811995104514277, 8.083333333333332, 16.22757173343242, 6.152777777777778, 8.364380334189878, 65.69444444444444, 11.930772516488393, 46.441254577975954, 12.445648458319857, 11.06966140537728, 59.87499999999999, 38.666666666666664, 6.463342774652749, 21.11111111111111, 43.67417582261858, 0.0, 0.0, 0.0, 0.0, 0.0, 0.0, 0.0, 0.0, 0.0, 0.0, 0.0, 0.0, 0.0, 0.0]
	usedVehicles=5
	currentTime=[51.03308875850558, 59.87499999999999, 8.364380334189878, 65.69444444444444, 47.88785866716212]
	currentQuantity=[20.0, 19.0, 13.0, 20.0, 19.0]
	total_tour_length=11.575614481303825
	costObjectives=[11.575614481303825, 1.3444747511472135]
}

29:

Ant{
	tours=[[-1, 7, 8, 9, 47, 48, 10, 3, 2, 42, 5, 4, 1, 26, 32, -1], [-1, 31, 36, 28, 44, 41, 43, 46, 27, 25, 24, 45, -1], [-1, 11, 18, 17, 21, 20, 19, 39, -1], [-1, 0, 35, 34, 30, 29, 33, 6, 40, -1], [-1, 38, 23, 15, 37, 16, 22, 49, 13, 14, 12, -1]]
	tour_lengths=[2.830701419016378, 2.0193496509421602, 1.5811314604470865, 2.6258395638886673, 2.423687594431611]
	beginService=[0.0, 0.25946585683707507, 47.5207652439995, 43.68711299937499, 43.20833333333333, 46.33333333333333, 45.875, 40.722222222222214, 0.1416394309331329, 5.25, 5.736111111111112, 36.31944444444444, 2.5, 47.88785866716212, 46.03528693372969, 46.94341422271767, 15.736111111111109, 29.041666666666664, 4.4672547249401005, 3.969602615289471, 7.680555555555555, 5.578751341291767, 5.134306896847322, 42.95833333333333, 13.833333333333332, 59.388888888888886, 54.93055555555555, 47.981352433724055, 54.041666666666664, 9.777994738710614, 4.682405920072077, 3.3434736389966213, 6.875, 49.03428838234686, 38.43055555555555, 1.8034651248602172, 0.8811995104514277, 8.083333333333332, 16.22757173343242, 6.152777777777778, 8.364380334189878, 65.69444444444444, 11.930772516488393, 44.85058145281957, 12.445648458319857, 11.06966140537728, 59.87499999999999, 38.666666666666664, 6.463342774652749, 21.11111111111111, 43.67417582261858, 0.0, 0.0, 0.0, 0.0, 0.0, 0.0, 0.0, 0.0, 0.0, 0.0, 0.0, 0.0, 0.0, 0.0]
	usedVehicles=5
	currentTime=[49.03428838234686, 59.87499999999999, 8.364380334189878, 65.69444444444444, 47.88785866716212]
	currentQuantity=[20.0, 19.0, 13.0, 20.0, 19.0]
	total_tour_length=11.480709688725904
	costObjectives=[11.480709688725904, 1.2495699585692914]
}

30:

Ant{
	tours=[[-1, 7, 8, 9, 47, 6, 10, 14, 12, 13, 40, -1], [-1, 31, 36, 28, 44, 41, 43, 30, 29, 46, 27, -1], [-1, 11, 18, 17, 21, 20, 19, 39, 48, 33, -1], [-1, 0, 35, 34, 4, 5, 3, 2, 1, 26, 32, -1], [-1, 38, 23, 15, 37, 16, 22, 49, 45, 24, 25, 42, -1]]
	tour_lengths=[2.26522666853987, 2.90888576790695, 2.9626950665398315, 2.0822776706332453, 2.87808127778079]
	beginService=[0.0, 0.25946585683707507, 47.93616455770085, 47.075053446589735, 46.596273780548074, 3.572024977710064, 45.875, 38.43055555555555, 0.1416394309331329, 5.25, 5.736111111111112, 40.51388888888888, 2.5, 46.81944444444445, 47.761253467720934, 45.875, 15.736111111111109, 29.041666666666664, 4.4672547249401005, 3.969602615289471, 7.680555555555555, 5.578751341291767, 5.134306896847322, 42.95833333333333, 13.833333333333332, 59.388888888888886, 59.916666666666664, 48.396751747425405, 54.041666666666664, 9.777994738710614, 15.595148408023384, 14.256216126947928, 6.875, 49.44968769604821, 38.43055555555555, 1.8034651248602172, 0.8811995104514277, 8.083333333333332, 16.22757173343242, 6.152777777777778, 8.364380334189878, 65.69444444444444, 11.930772516488393, 61.125121822985506, 12.445648458319857, 11.06966140537728, 45.69055577573008, 38.666666666666664, 6.463342774652749, 21.11111111111111, 43.67417582261858, 0.0, 0.0, 0.0, 0.0, 0.0, 0.0, 0.0, 0.0, 0.0, 0.0, 0.0, 0.0, 0.0, 0.0]
	usedVehicles=5
	currentTime=[65.69444444444444, 54.041666666666664, 38.43055555555555, 49.44968769604821, 61.125121822985506]
	currentQuantity=[19.0, 20.0, 18.0, 16.0, 18.0]
	total_tour_length=13.097166451400689
	costObjectives=[13.097166451400689, 0.8804173959065862]
}

31:

Ant{
	tours=[[-1, 7, 8, 9, 47, 6, 5, 4, 42, 3, 2, 1, 32, -1], [-1, 31, 36, 28, 44, 41, 43, 23, 15, 37, -1], [-1, 11, 18, 17, 21, 20, 19, 39, 16, 22, 49, -1], [-1, 0, 35, 34, 33, 30, 29, 46, 27, 24, 25, 40, -1], [-1, 38, 45, 48, 10, 14, 12, 13, 26, -1]]
	tour_lengths=[1.9410109573839818, 2.2975743532720903, 2.449374350436134, 2.9131349945096696, 2.144504955823278]
	beginService=[0.0, 0.25946585683707507, 49.79575305137252, 48.93464194026141, 48.45586227421975, 46.33333333333333, 45.875, 38.43055555555555, 0.1416394309331329, 5.25, 5.736111111111112, 36.31944444444444, 2.5, 46.81944444444445, 47.761253467720934, 45.875, 16.238672378965198, 29.041666666666664, 4.4672547249401005, 3.969602615289471, 7.680555555555555, 5.578751341291767, 5.134306896847322, 42.95833333333333, 14.33589460118742, 59.388888888888886, 59.916666666666664, 49.28541069635682, 54.041666666666664, 9.777994738710614, 41.78586778974251, 40.44693550866705, 6.875, 50.47594285638655, 38.43055555555555, 1.8034651248602172, 0.8811995104514277, 8.083333333333332, 16.73013300128651, 6.152777777777778, 8.364380334189878, 65.69444444444444, 11.930772516488393, 47.33620216132963, 12.445648458319857, 11.06966140537728, 6.650429887428407, 42.64719586178646, 6.463342774652749, 21.11111111111111, 43.67417582261858, 0.0, 0.0, 0.0, 0.0, 0.0, 0.0, 0.0, 0.0, 0.0, 0.0, 0.0, 0.0, 0.0, 0.0]
	usedVehicles=5
	currentTime=[50.47594285638655, 16.73013300128651, 43.67417582261858, 65.69444444444444, 49.28541069635682]
	currentQuantity=[20.0, 20.0, 19.0, 20.0, 12.0]
	total_tour_length=11.745599611425154
	costObjectives=[11.745599611425154, 0.9721240371256878]
}

32:

Ant{
	tours=[[-1, 7, 8, 9, 47, 48, 10, 3, 5, 42, 4, 1, 2, 26, -1], [-1, 31, 36, 28, 44, 41, 43, 46, 27, 25, 24, 45, -1], [-1, 11, 18, 17, 21, 20, 19, 39, 37, 15, 23, 16, -1], [-1, 0, 35, 34, 32, 29, 30, 33, 6, -1], [-1, 38, 22, 49, 13, 14, 12, 40, -1]]
	tour_lengths=[2.615041214719329, 2.0193496509421602, 2.259040178187122, 2.6367084699323797, 1.9622952319269071]
	beginService=[0.0, 0.25946585683707507, 48.631555316638426, 49.07599976108287, 43.20833333333333, 47.444123405972256, 45.875, 40.722222222222214, 0.1416394309331329, 5.25, 5.736111111111112, 36.31944444444444, 2.5, 47.88785866716212, 46.03528693372969, 46.94341422271767, 13.430555555555555, 29.041666666666664, 4.4672547249401005, 3.969602615289471, 7.680555555555555, 5.578751341291767, 5.134306896847322, 42.95833333333333, 14.083333333333332, 59.388888888888886, 54.93055555555555, 49.980152809882775, 54.041666666666664, 9.777994738710614, 3.9298505587802417, 4.435449506522365, 6.875, 3.33262833655802, 38.43055555555555, 1.8034651248602172, 0.8811995104514277, 8.083333333333332, 9.247790768571322, 6.152777777777778, 8.364380334189878, 65.69444444444444, 11.930772516488393, 46.441254577975954, 12.445648458319857, 11.06966140537728, 59.87499999999999, 38.666666666666664, 6.463342774652749, 21.11111111111111, 43.67417582261858, 0.0, 0.0, 0.0, 0.0, 0.0, 0.0, 0.0, 0.0, 0.0, 0.0, 0.0, 0.0, 0.0, 0.0]
	usedVehicles=5
	currentTime=[49.980152809882775, 59.87499999999999, 29.041666666666664, 40.722222222222214, 65.69444444444444]
	currentQuantity=[19.0, 19.0, 20.0, 19.0, 14.0]
	total_tour_length=11.492434745707898
	costObjectives=[11.492434745707898, 0.6744132380054726]
}

33:

Ant{
	tours=[[-1, 7, 8, 9, 47, 48, 10, 3, 5, 42, 4, 1, 2, 26, 32, -1], [-1, 31, 36, 28, 44, 41, 43, 46, 27, 25, 24, 45, -1], [-1, 11, 18, 17, 21, 20, 19, 39, -1], [-1, 0, 35, 34, 30, 29, 33, 6, 40, -1], [-1, 38, 23, 15, 37, 16, 22, 49, 14, 13, 12, -1]]
	tour_lengths=[2.9256062115943, 2.0193496509421602, 1.5811314604470865, 2.6258395638886673, 2.4859375584212398]
	beginService=[0.0, 0.25946585683707507, 48.631555316638426, 49.07599976108287, 43.20833333333333, 47.444123405972256, 45.875, 40.722222222222214, 0.1416394309331329, 5.25, 5.736111111111112, 36.31944444444444, 2.5, 47.95010863115175, 47.008299607875266, 46.10017231888728, 15.736111111111109, 29.041666666666664, 4.4672547249401005, 3.969602615289471, 7.680555555555555, 5.578751341291767, 5.134306896847322, 42.95833333333333, 13.833333333333332, 59.388888888888886, 54.93055555555555, 49.980152809882775, 54.041666666666664, 9.777994738710614, 4.682405920072077, 3.3434736389966213, 6.875, 51.03308875850558, 38.43055555555555, 1.8034651248602172, 0.8811995104514277, 8.083333333333332, 16.22757173343242, 6.152777777777778, 8.364380334189878, 65.69444444444444, 11.930772516488393, 46.441254577975954, 12.445648458319857, 11.06966140537728, 59.87499999999999, 38.666666666666664, 6.463342774652749, 21.11111111111111, 43.67417582261858, 0.0, 0.0, 0.0, 0.0, 0.0, 0.0, 0.0, 0.0, 0.0, 0.0, 0.0, 0.0, 0.0, 0.0]
	usedVehicles=5
	currentTime=[51.03308875850558, 59.87499999999999, 8.364380334189878, 65.69444444444444, 47.95010863115175]
	currentQuantity=[20.0, 19.0, 13.0, 20.0, 19.0]
	total_tour_length=11.637864445293454
	costObjectives=[11.637864445293454, 1.3444747511472135]
}

34:

Ant{
	tours=[[-1, 7, 8, 9, 47, 48, 10, 3, 5, 42, 4, 1, 2, 26, 32, -1], [-1, 31, 36, 28, 44, 41, 43, 46, 27, 25, 24, 45, -1], [-1, 11, 18, 17, 21, 20, 19, 39, 16, 37, 22, 49, -1], [-1, 0, 35, 34, 30, 29, 33, 6, 40, -1], [-1, 38, 23, 15, 13, 12, 14, -1]]
	tour_lengths=[2.9256062115943, 2.0193496509421602, 2.5049299059916894, 2.6258395638886673, 1.6928283414578387]
	beginService=[0.0, 0.25946585683707507, 48.631555316638426, 49.07599976108287, 43.20833333333333, 47.444123405972256, 45.875, 40.722222222222214, 0.1416394309331329, 5.25, 5.736111111111112, 36.31944444444444, 2.5, 17.566195880119523, 16.624386856843042, 45.875, 15.736111111111109, 29.041666666666664, 4.4672547249401005, 3.969602615289471, 7.680555555555555, 5.578751341291767, 5.134306896847322, 42.95833333333333, 13.833333333333332, 59.388888888888886, 54.93055555555555, 49.980152809882775, 54.041666666666664, 9.777994738710614, 4.682405920072077, 3.3434736389966213, 6.875, 51.03308875850558, 38.43055555555555, 1.8034651248602172, 0.8811995104514277, 8.083333333333332, 29.48611111111111, 6.152777777777778, 8.364380334189878, 65.69444444444444, 11.930772516488393, 46.441254577975954, 12.445648458319857, 11.06966140537728, 59.87499999999999, 38.666666666666664, 6.463342774652749, 21.11111111111111, 43.67417582261858, 0.0, 0.0, 0.0, 0.0, 0.0, 0.0, 0.0, 0.0, 0.0, 0.0, 0.0, 0.0, 0.0, 0.0]
	usedVehicles=5
	currentTime=[51.03308875850558, 59.87499999999999, 43.67417582261858, 65.69444444444444, 45.875]
	currentQuantity=[20.0, 19.0, 20.0, 20.0, 12.0]
	total_tour_length=11.768553673874655
	costObjectives=[11.768553673874655, 1.2327778701364613]
}

35:

Ant{
	tours=[[-1, 7, 8, 9, 47, 10, 3, 5, 42, 4, 1, 2, 26, 32, -1], [-1, 31, 36, 28, 44, 41, 43, 46, 27, 25, 24, 45, -1], [-1, 11, 18, 17, 21, 20, 19, 39, 48, 40, 12, 13, -1], [-1, 0, 35, 34, 33, 30, 29, -1], [-1, 38, 23, 15, 37, 16, 6, 22, 49, 14, -1]]
	tour_lengths=[2.814790879888705, 2.0193496509421602, 2.641424613839735, 1.5229332114950753, 3.8147055721421683]
	beginService=[0.0, 0.25946585683707507, 48.631555316638426, 49.07599976108287, 43.20833333333333, 47.444123405972256, 45.875, 38.43055555555555, 0.1416394309331329, 5.25, 5.736111111111112, 36.31944444444444, 2.5, 66.82207805695023, 67.76388708022671, 46.10017231888728, 15.736111111111109, 29.041666666666664, 4.4672547249401005, 3.969602615289471, 7.680555555555555, 5.578751341291767, 5.134306896847322, 42.95833333333333, 13.833333333333332, 59.388888888888886, 54.93055555555555, 49.980152809882775, 54.041666666666664, 9.777994738710614, 41.78586778974251, 40.44693550866705, 6.875, 51.03308875850558, 38.43055555555555, 1.8034651248602172, 0.8811995104514277, 8.083333333333332, 16.22757173343242, 6.152777777777778, 8.364380334189878, 65.69444444444444, 11.930772516488393, 46.441254577975954, 12.445648458319857, 11.06966140537728, 59.87499999999999, 38.666666666666664, 6.463342774652749, 21.11111111111111, 43.67417582261858, 0.0, 0.0, 0.0, 0.0, 0.0, 0.0, 0.0, 0.0, 0.0, 0.0, 0.0, 0.0, 0.0, 0.0]
	usedVehicles=5
	currentTime=[51.03308875850558, 59.87499999999999, 67.76388708022671, 41.78586778974251, 46.10017231888728]
	currentQuantity=[19.0, 19.0, 20.0, 14.0, 19.0]
	total_tour_length=12.813203928307844
	costObjectives=[12.813203928307844, 2.291772360647093]
}

36:

Ant{
	tours=[[-1, 7, 8, 9, 47, 48, 10, 3, 5, 42, 4, 1, 2, 26, 32, -1], [-1, 31, 36, 28, 44, 41, 43, 46, 27, 24, 45, -1], [-1, 11, 18, 17, 21, 20, 19, 39, 25, -1], [-1, 0, 35, 34, 30, 29, 33, 6, 40, -1], [-1, 38, 23, 15, 37, 16, 22, 49, 13, 14, 12, -1]]
	tour_lengths=[2.9256062115943, 2.0193496509421602, 1.9233573522549607, 2.6258395638886673, 2.423687594431611]
	beginService=[0.0, 0.25946585683707507, 48.631555316638426, 49.07599976108287, 43.20833333333333, 47.444123405972256, 45.875, 40.722222222222214, 0.1416394309331329, 5.25, 5.736111111111112, 36.31944444444444, 2.5, 47.88785866716212, 46.03528693372969, 46.94341422271767, 15.736111111111109, 29.041666666666664, 4.4672547249401005, 3.969602615289471, 7.680555555555555, 5.578751341291767, 5.134306896847322, 42.95833333333333, 13.833333333333332, 59.388888888888886, 9.476876879221015, 49.980152809882775, 54.041666666666664, 9.777994738710614, 4.682405920072077, 3.3434736389966213, 6.875, 51.03308875850558, 38.43055555555555, 1.8034651248602172, 0.8811995104514277, 8.083333333333332, 16.22757173343242, 6.152777777777778, 8.364380334189878, 65.69444444444444, 11.930772516488393, 46.441254577975954, 12.445648458319857, 11.06966140537728, 59.87499999999999, 38.666666666666664, 6.463342774652749, 21.11111111111111, 43.67417582261858, 0.0, 0.0, 0.0, 0.0, 0.0, 0.0, 0.0, 0.0, 0.0, 0.0, 0.0, 0.0, 0.0, 0.0]
	usedVehicles=5
	currentTime=[51.03308875850558, 59.87499999999999, 9.476876879221015, 65.69444444444444, 47.88785866716212]
	currentQuantity=[20.0, 18.0, 14.0, 20.0, 19.0]
	total_tour_length=11.9178403731117
	costObjectives=[11.9178403731117, 1.0022488593393393]
}

37:

Ant{
	tours=[[-1, 7, 8, 9, 47, 48, 10, 14, 13, 12, 40, 2, 42, -1], [-1, 31, 36, 28, 44, 41, 43, 46, 27, -1], [-1, 11, 18, 17, 21, 20, 19, 39, 6, -1], [-1, 0, 35, 34, 33, 30, 29, 32, 26, 3, 5, 1, -1], [-1, 38, 23, 15, 37, 16, 22, 49, 45, 24, 25, 4, -1]]
	tour_lengths=[2.830476377110471, 1.8563910794928082, 2.630702785783667, 2.5044318258118405, 3.009824877232277]
	beginService=[0.0, 0.25946585683707507, 46.674808728448156, 66.78387623492479, 43.97216936707424, 61.190515229122745, 45.875, 38.43055555555555, 0.1416394309331329, 5.25, 5.736111111111112, 36.31944444444444, 2.5, 47.72493631226447, 46.783127288987984, 45.875, 15.736111111111109, 29.041666666666664, 4.4672547249401005, 3.969602615289471, 7.680555555555555, 5.578751341291767, 5.134306896847322, 42.95833333333333, 13.833333333333332, 59.388888888888886, 59.916666666666664, 43.019359293920864, 54.041666666666664, 9.777994738710614, 41.78586778974251, 40.44693550866705, 6.875, 42.38309001196473, 38.43055555555555, 1.8034651248602172, 0.8811995104514277, 8.083333333333332, 16.22757173343242, 6.152777777777778, 8.364380334189878, 65.69444444444444, 11.930772516488393, 67.94734468836936, 12.445648458319857, 11.06966140537728, 45.69055577573008, 38.666666666666664, 6.463342774652749, 21.11111111111111, 43.67417582261858, 0.0, 0.0, 0.0, 0.0, 0.0, 0.0, 0.0, 0.0, 0.0, 0.0, 0.0, 0.0, 0.0, 0.0]
	usedVehicles=5
	currentTime=[67.94734468836936, 54.041666666666664, 38.43055555555555, 46.674808728448156, 61.190515229122745]
	currentQuantity=[20.0, 16.0, 17.0, 20.0, 18.0]
	total_tour_length=12.831826945431065
	costObjectives=[12.831826945431065, 1.1534337977394689]
}

38:

Ant{
	tours=[[-1, 7, 8, 9, 47, 6, 5, 4, 42, 3, 2, 1, 32, -1], [-1, 31, 36, 28, 44, 41, 43, 46, 27, 29, 30, -1], [-1, 11, 18, 17, 21, 20, 19, 39, 25, 48, 10, 14, -1], [-1, 0, 35, 34, 26, 33, 40, 12, 13, -1], [-1, 38, 23, 15, 37, 16, 22, 49, 45, 24, -1]]
	tour_lengths=[1.9410109573839818, 2.053775107962361, 3.0381217799679243, 2.898294229791246, 1.798985517536873]
	beginService=[0.0, 0.25946585683707507, 49.79575305137252, 48.93464194026141, 48.45586227421975, 46.33333333333333, 45.875, 38.43055555555555, 0.1416394309331329, 5.25, 5.736111111111112, 36.31944444444444, 2.5, 66.82207805695023, 67.76388708022671, 45.875, 15.736111111111109, 29.041666666666664, 4.4672547249401005, 3.969602615289471, 7.680555555555555, 5.578751341291767, 5.134306896847322, 42.95833333333333, 13.833333333333332, 59.388888888888886, 9.476876879221015, 3.3683480151034018, 54.041666666666664, 9.777994738710614, 54.863260548253145, 55.36885949599527, 6.875, 50.47594285638655, 38.43055555555555, 1.8034651248602172, 0.8811995104514277, 8.083333333333332, 16.22757173343242, 6.152777777777778, 8.364380334189878, 65.69444444444444, 11.930772516488393, 47.33620216132963, 12.445648458319857, 11.06966140537728, 45.69055577573008, 38.666666666666664, 6.463342774652749, 21.11111111111111, 43.67417582261858, 0.0, 0.0, 0.0, 0.0, 0.0, 0.0, 0.0, 0.0, 0.0, 0.0, 0.0, 0.0, 0.0, 0.0]
	usedVehicles=5
	currentTime=[50.47594285638655, 55.36885949599527, 45.875, 67.76388708022671, 59.388888888888886]
	currentQuantity=[20.0, 20.0, 18.0, 18.0, 15.0]
	total_tour_length=11.730187592642388
	costObjectives=[11.730187592642388, 1.2391362624310513]
}

39:

Ant{
	tours=[[-1, 7, 8, 9, 47, 48, 10, 14, 13, 12, 40, 2, 26, -1], [-1, 31, 36, 28, 44, 41, 43, 23, 15, 37, -1], [-1, 11, 18, 17, 21, 20, 19, 39, 16, 22, 45, 24, 29, 32, -1], [-1, 0, 35, 34, 33, 30, 3, 42, 5, 4, 1, -1], [-1, 38, 25, 49, 6, 46, 27, -1]]
	tour_lengths=[2.3282406487178573, 2.2975743532720903, 2.763789052592689, 2.4790006238529365, 3.7729723333130836]
	beginService=[0.0, 0.25946585683707507, 47.5207652439995, 66.78387623492479, 43.20833333333333, 46.33333333333333, 45.875, 38.43055555555555, 0.1416394309331329, 5.25, 5.736111111111112, 36.31944444444444, 2.5, 47.72493631226447, 46.783127288987984, 45.875, 16.238672378965198, 29.041666666666664, 4.4672547249401005, 3.969602615289471, 7.680555555555555, 5.578751341291767, 5.134306896847322, 42.95833333333333, 14.33589460118742, 59.388888888888886, 6.72472694288193, 67.68802928372469, 54.041666666666664, 9.777994738710614, 60.31662137480483, 40.44693550866705, 6.875, 60.91384359702705, 38.43055555555555, 1.8034651248602172, 0.8811995104514277, 8.083333333333332, 16.73013300128651, 6.152777777777778, 8.364380334189878, 65.69444444444444, 11.930772516488393, 43.911326779556774, 12.445648458319857, 11.06966140537728, 43.47320927516479, 41.355604610277574, 6.463342774652749, 21.11111111111111, 7.458413393173967, 0.0, 0.0, 0.0, 0.0, 0.0, 0.0, 0.0, 0.0, 0.0, 0.0, 0.0, 0.0, 0.0, 0.0]
	usedVehicles=5
	currentTime=[67.68802928372469, 16.73013300128651, 60.91384359702705, 47.5207652439995, 54.041666666666664]
	currentQuantity=[20.0, 20.0, 19.0, 20.0, 12.0]
	total_tour_length=13.641577011748655
	costObjectives=[13.641577011748655, 1.4753979800409933]
}

40:

Ant{
	tours=[[-1, 7, 8, 9, 47, 48, 10, 3, 5, 42, 4, 1, 2, 26, 32, -1], [-1, 31, 36, 28, 44, 41, 43, 46, 27, 25, 24, 45, -1], [-1, 11, 18, 17, 21, 20, 19, 39, 23, 15, 37, 16, -1], [-1, 0, 35, 34, 30, 29, 33, 6, -1], [-1, 38, 22, 49, 13, 14, 12, 40, -1]]
	tour_lengths=[2.9256062115943, 2.0193496509421602, 2.2116996597234824, 2.5451438692802926, 1.9622952319269071]
	beginService=[0.0, 0.25946585683707507, 48.631555316638426, 49.07599976108287, 43.20833333333333, 47.444123405972256, 45.875, 40.722222222222214, 0.1416394309331329, 5.25, 5.736111111111112, 36.31944444444444, 2.5, 47.88785866716212, 46.03528693372969, 46.94341422271767, 15.736111111111109, 29.041666666666664, 4.4672547249401005, 3.969602615289471, 7.680555555555555, 5.578751341291767, 5.134306896847322, 42.95833333333333, 13.833333333333332, 59.388888888888886, 54.93055555555555, 49.980152809882775, 54.041666666666664, 9.777994738710614, 4.682405920072077, 3.3434736389966213, 6.875, 51.03308875850558, 38.43055555555555, 1.8034651248602172, 0.8811995104514277, 8.083333333333332, 16.22757173343242, 6.152777777777778, 8.364380334189878, 65.69444444444444, 11.930772516488393, 46.441254577975954, 12.445648458319857, 11.06966140537728, 59.87499999999999, 38.666666666666664, 6.463342774652749, 21.11111111111111, 43.67417582261858, 0.0, 0.0, 0.0, 0.0, 0.0, 0.0, 0.0, 0.0, 0.0, 0.0, 0.0, 0.0, 0.0, 0.0]
	usedVehicles=5
	currentTime=[51.03308875850558, 59.87499999999999, 29.041666666666664, 40.722222222222214, 65.69444444444444]
	currentQuantity=[20.0, 19.0, 20.0, 18.0, 14.0]
	total_tour_length=11.664094623467141
	costObjectives=[11.664094623467141, 0.9633109796673929]
}

41:

Ant{
	tours=[[-1, 7, 8, 9, 47, 48, 10, 3, 5, 42, 4, 1, 2, 26, 32, -1], [-1, 31, 36, 28, 44, 41, 43, 46, 27, 24, 45, 25, -1], [-1, 11, 18, 17, 21, 20, 19, 39, -1], [-1, 0, 35, 34, 30, 29, 33, 6, 40, -1], [-1, 38, 23, 15, 37, 16, 22, 49, 14, 13, 12, -1]]
	tour_lengths=[2.9256062115943, 2.2620762303167132, 1.5811314604470865, 2.6258395638886673, 2.4859375584212398]
	beginService=[0.0, 0.25946585683707507, 48.631555316638426, 49.07599976108287, 43.20833333333333, 47.444123405972256, 45.875, 40.722222222222214, 0.1416394309331329, 5.25, 5.736111111111112, 36.31944444444444, 2.5, 47.95010863115175, 47.008299607875266, 46.10017231888728, 15.736111111111109, 29.041666666666664, 4.4672547249401005, 3.969602615289471, 7.680555555555555, 5.578751341291767, 5.134306896847322, 42.95833333333333, 13.833333333333332, 59.388888888888886, 60.42269418238966, 49.980152809882775, 54.041666666666664, 9.777994738710614, 4.682405920072077, 3.3434736389966213, 6.875, 51.03308875850558, 38.43055555555555, 1.8034651248602172, 0.8811995104514277, 8.083333333333332, 16.22757173343242, 6.152777777777778, 8.364380334189878, 65.69444444444444, 11.930772516488393, 46.441254577975954, 12.445648458319857, 11.06966140537728, 59.87499999999999, 38.666666666666664, 6.463342774652749, 21.11111111111111, 43.67417582261858, 0.0, 0.0, 0.0, 0.0, 0.0, 0.0, 0.0, 0.0, 0.0, 0.0, 0.0, 0.0, 0.0, 0.0]
	usedVehicles=5
	currentTime=[51.03308875850558, 60.42269418238966, 8.364380334189878, 65.69444444444444, 47.95010863115175]
	currentQuantity=[20.0, 19.0, 13.0, 20.0, 19.0]
	total_tour_length=11.880591024668007
	costObjectives=[11.880591024668007, 1.3444747511472135]
}

42:

Ant{
	tours=[[-1, 7, 8, 9, 47, 48, 10, 3, 5, 42, 4, 1, 2, 26, 32, -1], [-1, 31, 36, 28, 44, 41, 43, 46, 27, 25, 24, 45, -1], [-1, 11, 18, 17, 21, 20, 19, 39, -1], [-1, 0, 35, 34, 30, 29, 33, 6, 40, -1], [-1, 38, 23, 15, 37, 16, 22, 49, 13, 14, 12, -1]]
	tour_lengths=[2.9256062115943, 2.0193496509421602, 1.5811314604470865, 2.6258395638886673, 2.423687594431611]
	beginService=[0.0, 0.25946585683707507, 48.631555316638426, 49.07599976108287, 43.20833333333333, 47.444123405972256, 45.875, 40.722222222222214, 0.1416394309331329, 5.25, 5.736111111111112, 36.31944444444444, 2.5, 47.88785866716212, 46.03528693372969, 46.94341422271767, 15.736111111111109, 29.041666666666664, 4.4672547249401005, 3.969602615289471, 7.680555555555555, 5.578751341291767, 5.134306896847322, 42.95833333333333, 13.833333333333332, 59.388888888888886, 54.93055555555555, 49.980152809882775, 54.041666666666664, 9.777994738710614, 4.682405920072077, 3.3434736389966213, 6.875, 51.03308875850558, 38.43055555555555, 1.8034651248602172, 0.8811995104514277, 8.083333333333332, 16.22757173343242, 6.152777777777778, 8.364380334189878, 65.69444444444444, 11.930772516488393, 46.441254577975954, 12.445648458319857, 11.06966140537728, 59.87499999999999, 38.666666666666664, 6.463342774652749, 21.11111111111111, 43.67417582261858, 0.0, 0.0, 0.0, 0.0, 0.0, 0.0, 0.0, 0.0, 0.0, 0.0, 0.0, 0.0, 0.0, 0.0]
	usedVehicles=5
	currentTime=[51.03308875850558, 59.87499999999999, 8.364380334189878, 65.69444444444444, 47.88785866716212]
	currentQuantity=[20.0, 19.0, 13.0, 20.0, 19.0]
	total_tour_length=11.575614481303825
	costObjectives=[11.575614481303825, 1.3444747511472135]
}

43:

Ant{
	tours=[[-1, 7, 8, 9, 47, 48, 10, 3, 42, 5, 4, 1, 2, 26, 32, -1], [-1, 31, 36, 28, 44, 41, 43, 23, 15, 37, -1], [-1, 11, 18, 17, 21, 20, 19, 39, 16, 22, 49, 45, -1], [-1, 0, 35, 34, 33, 30, 29, 46, 27, 24, 40, -1], [-1, 38, 25, 13, 12, 6, 14, -1]]
	tour_lengths=[2.7794570492733732, 2.2975743532720903, 2.4624406856565324, 2.7256520214294233, 2.9244702528631548]
	beginService=[0.0, 0.25946585683707507, 47.5207652439995, 47.96520968844394, 43.20833333333333, 46.33333333333333, 45.875, 38.43055555555555, 0.1416394309331329, 5.25, 5.736111111111112, 36.31944444444444, 2.5, 8.805024102835429, 7.863215079558946, 45.875, 16.238672378965198, 29.041666666666664, 4.4672547249401005, 3.969602615289471, 7.680555555555555, 5.578751341291767, 5.134306896847322, 42.95833333333333, 14.33589460118742, 59.388888888888886, 6.72472694288193, 48.86936273724385, 54.041666666666664, 9.777994738710614, 41.78586778974251, 40.44693550866705, 6.875, 49.92229868586665, 38.43055555555555, 1.8034651248602172, 0.8811995104514277, 8.083333333333332, 16.73013300128651, 6.152777777777778, 8.364380334189878, 65.69444444444444, 11.930772516488393, 43.911326779556774, 12.445648458319857, 11.06966140537728, 45.69055577573008, 42.64719586178646, 6.463342774652749, 21.11111111111111, 43.67417582261858, 0.0, 0.0, 0.0, 0.0, 0.0, 0.0, 0.0, 0.0, 0.0, 0.0, 0.0, 0.0, 0.0, 0.0]
	usedVehicles=5
	currentTime=[49.92229868586665, 16.73013300128651, 45.69055577573008, 65.69444444444444, 45.875]
	currentQuantity=[20.0, 20.0, 20.0, 19.0, 12.0]
	total_tour_length=13.189594362494574
	costObjectives=[13.189594362494574, 0.6268958995910645]
}

44:

Ant{
	tours=[[-1, 7, 8, 9, 47, 4, 5, 3, 42, 1, 2, 26, -1], [-1, 31, 36, 28, 44, 41, 43, 46, 27, 25, 24, 45, -1], [-1, 11, 18, 17, 21, 20, 19, 39, 23, 15, 37, 16, -1], [-1, 0, 35, 34, 33, 30, 29, 32, 22, 49, -1], [-1, 38, 48, 10, 6, 14, 40, 12, 13, -1]]
	tour_lengths=[2.099662202930358, 2.0193496509421602, 2.2116996597234824, 2.5482823106314654, 3.009117673946239]
	beginService=[0.0, 0.25946585683707507, 48.48860071615975, 48.933045160604195, 46.596273780548074, 7.493094658315679, 45.875, 38.43055555555555, 0.1416394309331329, 5.25, 5.736111111111112, 36.31944444444444, 2.5, 66.82207805695023, 67.76388708022671, 45.875, 15.736111111111109, 29.041666666666664, 4.4672547249401005, 3.969602615289471, 7.680555555555555, 5.578751341291767, 5.134306896847322, 43.23896190921034, 13.833333333333332, 59.388888888888886, 54.93055555555555, 49.8371982094041, 54.041666666666664, 9.777994738710614, 41.78586778974251, 40.44693550866705, 6.875, 42.38309001196473, 38.43055555555555, 1.8034651248602172, 0.8811995104514277, 8.083333333333332, 16.22757173343242, 6.152777777777778, 8.364380334189878, 65.69444444444444, 11.930772516488393, 47.29926722677152, 12.445648458319857, 11.06966140537728, 59.87499999999999, 38.666666666666664, 6.463342774652749, 21.11111111111111, 43.95480439849559, 0.0, 0.0, 0.0, 0.0, 0.0, 0.0, 0.0, 0.0, 0.0, 0.0, 0.0, 0.0, 0.0, 0.0]
	usedVehicles=5
	currentTime=[49.8371982094041, 59.87499999999999, 29.041666666666664, 43.95480439849559, 67.76388708022671]
	currentQuantity=[17.0, 19.0, 20.0, 20.0, 15.0]
	total_tour_length=11.888111498173705
	costObjectives=[11.888111498173705, 0.9897680230040788]
}

45:

Ant{
	tours=[[-1, 7, 8, 9, 47, 48, 10, 3, 5, 42, 4, 1, 2, 26, 32, -1], [-1, 31, 36, 28, 44, 41, 43, 46, 27, 25, 24, 45, -1], [-1, 11, 18, 17, 21, 20, 19, 39, -1], [-1, 0, 35, 34, 30, 29, 33, 6, 40, -1], [-1, 38, 23, 15, 37, 16, 22, 49, 13, 14, 12, -1]]
	tour_lengths=[2.9256062115943, 2.0193496509421602, 1.5811314604470865, 2.6258395638886673, 2.423687594431611]
	beginService=[0.0, 0.25946585683707507, 48.631555316638426, 49.07599976108287, 43.20833333333333, 47.444123405972256, 45.875, 40.722222222222214, 0.1416394309331329, 5.25, 5.736111111111112, 36.31944444444444, 2.5, 47.88785866716212, 46.03528693372969, 46.94341422271767, 15.736111111111109, 29.041666666666664, 4.4672547249401005, 3.969602615289471, 7.680555555555555, 5.578751341291767, 5.134306896847322, 42.95833333333333, 13.833333333333332, 59.388888888888886, 54.93055555555555, 49.980152809882775, 54.041666666666664, 9.777994738710614, 4.682405920072077, 3.3434736389966213, 6.875, 51.03308875850558, 38.43055555555555, 1.8034651248602172, 0.8811995104514277, 8.083333333333332, 16.22757173343242, 6.152777777777778, 8.364380334189878, 65.69444444444444, 11.930772516488393, 46.441254577975954, 12.445648458319857, 11.06966140537728, 59.87499999999999, 38.666666666666664, 6.463342774652749, 21.11111111111111, 43.67417582261858, 0.0, 0.0, 0.0, 0.0, 0.0, 0.0, 0.0, 0.0, 0.0, 0.0, 0.0, 0.0, 0.0, 0.0]
	usedVehicles=5
	currentTime=[51.03308875850558, 59.87499999999999, 8.364380334189878, 65.69444444444444, 47.88785866716212]
	currentQuantity=[20.0, 19.0, 13.0, 20.0, 19.0]
	total_tour_length=11.575614481303825
	costObjectives=[11.575614481303825, 1.3444747511472135]
}

46:

Ant{
	tours=[[-1, 7, 8, 9, 47, 48, 10, 3, 5, 42, 4, 1, 2, 26, -1], [-1, 31, 36, 28, 44, 41, 43, 46, 27, 25, 24, 45, -1], [-1, 11, 18, 17, 21, 20, 19, 39, 40, -1], [-1, 0, 35, 34, 32, 29, 30, 33, 6, -1], [-1, 38, 23, 15, 37, 16, 22, 49, 13, 14, 12, -1]]
	tour_lengths=[2.615041214719329, 2.0193496509421602, 1.7681848670145417, 2.6367084699323797, 2.423687594431611]
	beginService=[0.0, 0.25946585683707507, 48.631555316638426, 49.07599976108287, 43.20833333333333, 47.444123405972256, 45.875, 40.722222222222214, 0.1416394309331329, 5.25, 5.736111111111112, 36.31944444444444, 2.5, 47.88785866716212, 46.03528693372969, 46.94341422271767, 15.736111111111109, 29.041666666666664, 4.4672547249401005, 3.969602615289471, 7.680555555555555, 5.578751341291767, 5.134306896847322, 42.95833333333333, 13.833333333333332, 59.388888888888886, 54.93055555555555, 49.980152809882775, 54.041666666666664, 9.777994738710614, 3.9298505587802417, 4.435449506522365, 6.875, 3.33262833655802, 38.43055555555555, 1.8034651248602172, 0.8811995104514277, 8.083333333333332, 16.22757173343242, 6.152777777777778, 8.364380334189878, 65.69444444444444, 11.930772516488393, 46.441254577975954, 12.445648458319857, 11.06966140537728, 59.87499999999999, 38.666666666666664, 6.463342774652749, 21.11111111111111, 43.67417582261858, 0.0, 0.0, 0.0, 0.0, 0.0, 0.0, 0.0, 0.0, 0.0, 0.0, 0.0, 0.0, 0.0, 0.0]
	usedVehicles=5
	currentTime=[49.980152809882775, 59.87499999999999, 65.69444444444444, 40.722222222222214, 47.88785866716212]
	currentQuantity=[19.0, 19.0, 15.0, 19.0, 19.0]
	total_tour_length=11.462971797040021
	costObjectives=[11.462971797040021, 0.868523602917838]
}

47:

Ant{
	tours=[[-1, 7, 8, 9, 47, 48, 10, 3, 5, 42, 4, 1, 2, 26, 32, -1], [-1, 31, 36, 28, 44, 41, 43, 46, 27, 25, 24, 45, -1], [-1, 11, 18, 17, 21, 20, 19, 39, -1], [-1, 0, 35, 34, 29, 30, 33, 6, 40, -1], [-1, 38, 23, 15, 37, 16, 22, 49, 14, 13, 12, -1]]
	tour_lengths=[2.9256062115943, 2.0193496509421602, 1.5811314604470865, 2.6316551755606263, 2.4859375584212398]
	beginService=[0.0, 0.25946585683707507, 48.631555316638426, 49.07599976108287, 43.20833333333333, 47.444123405972256, 45.875, 40.722222222222214, 0.1416394309331329, 5.25, 5.736111111111112, 36.31944444444444, 2.5, 47.95010863115175, 47.008299607875266, 46.10017231888728, 15.736111111111109, 29.041666666666664, 4.4672547249401005, 3.969602615289471, 7.680555555555555, 5.578751341291767, 5.134306896847322, 42.95833333333333, 13.833333333333332, 59.388888888888886, 54.93055555555555, 49.980152809882775, 54.041666666666664, 9.777994738710614, 3.427434903133447, 3.9330338508755696, 6.875, 51.03308875850558, 38.43055555555555, 1.8034651248602172, 0.8811995104514277, 8.083333333333332, 16.22757173343242, 6.152777777777778, 8.364380334189878, 65.69444444444444, 11.930772516488393, 46.441254577975954, 12.445648458319857, 11.06966140537728, 59.87499999999999, 38.666666666666664, 6.463342774652749, 21.11111111111111, 43.67417582261858, 0.0, 0.0, 0.0, 0.0, 0.0, 0.0, 0.0, 0.0, 0.0, 0.0, 0.0, 0.0, 0.0, 0.0]
	usedVehicles=5
	currentTime=[51.03308875850558, 59.87499999999999, 8.364380334189878, 65.69444444444444, 47.95010863115175]
	currentQuantity=[20.0, 19.0, 13.0, 20.0, 19.0]
	total_tour_length=11.643680056965414
	costObjectives=[11.643680056965414, 1.3444747511472135]
}

48:

Ant{
	tours=[[-1, 7, 8, 9, 47, 6, 5, 4, 42, 3, 2, 1, 32, -1], [-1, 31, 36, 28, 44, 41, 43, 46, 27, 29, 30, -1], [-1, 11, 18, 17, 21, 20, 19, 39, 48, 10, 14, -1], [-1, 0, 35, 34, 26, 33, 40, 12, 13, -1], [-1, 38, 23, 15, 37, 16, 22, 49, 45, 24, 25, -1]]
	tour_lengths=[1.9410109573839818, 2.053775107962361, 2.5528270307634733, 2.898294229791246, 1.9550715280322177]
	beginService=[0.0, 0.25946585683707507, 49.79575305137252, 48.93464194026141, 48.45586227421975, 46.33333333333333, 45.875, 38.43055555555555, 0.1416394309331329, 5.25, 5.736111111111112, 36.31944444444444, 2.5, 66.82207805695023, 67.76388708022671, 45.875, 15.736111111111109, 29.041666666666664, 4.4672547249401005, 3.969602615289471, 7.680555555555555, 5.578751341291767, 5.134306896847322, 42.95833333333333, 13.833333333333332, 59.388888888888886, 59.916666666666664, 3.3683480151034018, 54.041666666666664, 9.777994738710614, 54.863260548253145, 55.36885949599527, 6.875, 50.47594285638655, 38.43055555555555, 1.8034651248602172, 0.8811995104514277, 8.083333333333332, 16.22757173343242, 6.152777777777778, 8.364380334189878, 65.69444444444444, 11.930772516488393, 47.33620216132963, 12.445648458319857, 11.06966140537728, 45.69055577573008, 38.666666666666664, 6.463342774652749, 21.11111111111111, 43.67417582261858, 0.0, 0.0, 0.0, 0.0, 0.0, 0.0, 0.0, 0.0, 0.0, 0.0, 0.0, 0.0, 0.0, 0.0]
	usedVehicles=5
	currentTime=[50.47594285638655, 55.36885949599527, 45.875, 67.76388708022671, 59.916666666666664]
	currentQuantity=[20.0, 20.0, 17.0, 18.0, 16.0]
	total_tour_length=11.40097885393328
	costObjectives=[11.40097885393328, 0.9572832724072642]
}

49:

Ant{
	tours=[[-1, 7, 8, 9, 47, 6, 10, 14, 13, 12, 40, 1, -1], [-1, 31, 36, 28, 44, 41, 43, 46, 27, -1], [-1, 11, 18, 17, 21, 20, 19, 39, 48, 2, 4, 42, -1], [-1, 0, 35, 34, 33, 30, 29, 32, 26, 3, 5, -1], [-1, 38, 23, 15, 37, 16, 22, 49, 45, 24, 25, -1]]
	tour_lengths=[2.4554644892374102, 1.8563910794928082, 2.897601342460457, 2.443967844748567, 1.9550715280322177]
	beginService=[0.0, 0.25946585683707507, 66.8027637482392, 21.833648827021463, 43.97216936707424, 23.00319656138008, 45.875, 38.43055555555555, 0.1416394309331329, 5.25, 5.736111111111112, 40.51388888888888, 2.5, 47.72493631226447, 46.783127288987984, 45.875, 15.736111111111109, 29.041666666666664, 4.4672547249401005, 3.969602615289471, 7.680555555555555, 5.578751341291767, 5.134306896847322, 42.95833333333333, 13.833333333333332, 59.388888888888886, 59.916666666666664, 43.019359293920864, 54.041666666666664, 9.777994738710614, 41.78586778974251, 40.44693550866705, 6.875, 42.38309001196473, 38.43055555555555, 1.8034651248602172, 0.8811995104514277, 8.083333333333332, 16.22757173343242, 6.152777777777778, 8.364380334189878, 65.69444444444444, 11.930772516488393, 38.666666666666664, 12.445648458319857, 11.06966140537728, 45.69055577573008, 38.666666666666664, 6.463342774652749, 21.11111111111111, 43.67417582261858, 0.0, 0.0, 0.0, 0.0, 0.0, 0.0, 0.0, 0.0, 0.0, 0.0, 0.0, 0.0, 0.0, 0.0]
	usedVehicles=5
	currentTime=[66.8027637482392, 54.041666666666664, 38.666666666666664, 45.875, 59.916666666666664]
	currentQuantity=[20.0, 16.0, 20.0, 19.0, 16.0]
	total_tour_length=11.608496283971458
	costObjectives=[11.608496283971458, 1.041210262967649]
}

50:

Ant{
	tours=[[-1, 7, 8, 9, 47, 48, 10, 3, 5, 42, 4, 1, 2, 32, 29, -1], [-1, 31, 36, 28, 44, 41, 43, 46, 27, 25, 24, 45, -1], [-1, 11, 18, 17, 21, 20, 19, 39, 40, -1], [-1, 0, 35, 34, 26, 30, 33, 6, -1], [-1, 38, 23, 15, 37, 16, 22, 49, 14, 13, 12, -1]]
	tour_lengths=[3.2450200297858527, 2.0193496509421602, 1.7681848670145417, 2.729845931178412, 2.4859375584212398]
	beginService=[0.0, 0.25946585683707507, 48.631555316638426, 49.07599976108287, 43.20833333333333, 47.444123405972256, 45.875, 40.722222222222214, 0.1416394309331329, 5.25, 5.736111111111112, 36.31944444444444, 2.5, 47.95010863115175, 47.008299607875266, 46.10017231888728, 15.736111111111109, 29.041666666666664, 4.4672547249401005, 3.969602615289471, 7.680555555555555, 5.578751341291767, 5.134306896847322, 42.95833333333333, 13.833333333333332, 59.388888888888886, 54.93055555555555, 3.3683480151034018, 54.041666666666664, 9.777994738710614, 50.79656383077483, 4.528586967768397, 6.875, 50.19934160855261, 38.43055555555555, 1.8034651248602172, 0.8811995104514277, 8.083333333333332, 16.22757173343242, 6.152777777777778, 8.364380334189878, 65.69444444444444, 11.930772516488393, 46.441254577975954, 12.445648458319857, 11.06966140537728, 59.87499999999999, 38.666666666666664, 6.463342774652749, 21.11111111111111, 43.67417582261858, 0.0, 0.0, 0.0, 0.0, 0.0, 0.0, 0.0, 0.0, 0.0, 0.0, 0.0, 0.0, 0.0, 0.0]
	usedVehicles=5
	currentTime=[50.79656383077483, 59.87499999999999, 65.69444444444444, 40.722222222222214, 47.95010863115175]
	currentQuantity=[19.0, 19.0, 15.0, 19.0, 19.0]
	total_tour_length=12.248338037342206
	costObjectives=[12.248338037342206, 1.476835162771311]
}

51:

Ant{
	tours=[[-1, 7, 8, 9, 47, 6, 5, 4, 42, 3, 2, 1, 32, -1], [-1, 31, 36, 28, 44, 41, 43, 23, 15, 37, -1], [-1, 11, 18, 17, 21, 20, 19, 39, 48, 16, 10, 14, -1], [-1, 0, 35, 34, 30, 33, 29, 46, 27, -1], [-1, 38, 25, 49, 22, 45, 24, 40, 12, 13, 26, -1]]
	tour_lengths=[1.9410109573839818, 2.2975743532720903, 3.2091872697720047, 2.844573535790786, 2.816349943217495]
	beginService=[0.0, 0.25946585683707507, 49.79575305137252, 48.93464194026141, 48.45586227421975, 46.33333333333333, 45.875, 38.43055555555555, 0.1416394309331329, 5.25, 5.736111111111112, 36.31944444444444, 2.5, 66.82207805695023, 67.76388708022671, 45.875, 16.238672378965198, 29.041666666666664, 4.4672547249401005, 3.969602615289471, 7.680555555555555, 5.578751341291767, 5.134306896847322, 42.95833333333333, 14.33589460118742, 59.388888888888886, 6.72472694288193, 69.28804430886258, 54.041666666666664, 9.777994738710614, 40.52508116113192, 3.3434736389966213, 6.875, 50.47594285638655, 38.43055555555555, 1.8034651248602172, 0.8811995104514277, 8.083333333333332, 16.73013300128651, 6.152777777777778, 8.364380334189878, 65.69444444444444, 11.930772516488393, 47.33620216132963, 12.445648458319857, 11.06966140537728, 43.47320927516479, 41.38640923317587, 6.463342774652749, 21.11111111111111, 7.458413393173967, 0.0, 0.0, 0.0, 0.0, 0.0, 0.0, 0.0, 0.0, 0.0, 0.0, 0.0, 0.0, 0.0, 0.0]
	usedVehicles=5
	currentTime=[50.47594285638655, 16.73013300128651, 45.875, 54.041666666666664, 69.28804430886258]
	currentQuantity=[20.0, 20.0, 18.0, 16.0, 17.0]
	total_tour_length=13.108696059436358
	costObjectives=[13.108696059436358, 1.268176312388023]
}

