1:

Ant{
	tours=[[-1, 15, 23, 16, 22, 21, 17, 18, 12, 14, 13, 9, 7, 0, -1], [-1, 8, 11, 10, 3, 4, 5, 1, 34, 35, 30, 29, 27, -1], [-1, 26, 20, 31, 28, 19, 25, 24, 32, 2, -1], [-1, 33, 6, -1]]
	tour_lengths=[3.1160055126559123, 3.616696808142702, 3.9716843616356243, 1.7822627093986927]
	beginService=[0.0, 50.19997296173212, 46.674808728448156, 60.97807823167108, 43.20833333333333, 43.900686572795536, 45.875, 40.722222222222214, 49.06203251451738, 5.25, 48.564380404866746, 36.31944444444444, 5.917052171907222, 45.497099498719145, 47.34967123215158, 46.441543943163595, 13.430555555555555, 29.041666666666664, 44.308849015133575, 44.806501124784205, 10.009831861846935, 2.833333333333333, 43.64179684322636, 42.95833333333333, 14.083333333333332, 59.388888888888886, 10.684846795704411, 0.21960261528947078, 54.041666666666664, 8.101170433992525, 51.19212978516556, 49.853197504090105, 6.875, 60.27140305086801, 38.43055555555555, 47.43054638444075, 48.76947866551621, 0.0, 0.0, 0.0, 0.0, 0.0, 0.0, 0.0, 0.0, 0.0, 0.0, 0.0, 0.0, 0.0, 0.0, 0.0, 0.0, 0.0, 0.0, 0.0, 0.0, 0.0, 0.0, 0.0, 0.0, 0.0, 0.0, 0.0, 0.0]
	usedVehicles=4
	currentTime=[50.19997296173212, 54.041666666666664, 60.97807823167108, 40.722222222222214]
	currentQuantity=[20.0, 20.0, 17.0, 8.0]
	total_tour_length=12.48664939183293
	costObjectives=[12.48664939183293, 2.1894216522369314]
}

2:

Ant{
	tours=[[-1, 23, 15, 16, 17, 18, 12, 14, 13, 9, 3, 5, 4, 0, -1], [-1, 8, 11, 10, 7, 1, 26, 32, 33, 34, 35, -1], [-1, 2, 20, 21, 19, 25, 31, 29, 30, 6, 22, -1], [-1, 28, 27, 24, -1]]
	tour_lengths=[2.7063533831917503, 2.32560543667899, 3.7759136866602874, 1.6032619144131735]
	beginService=[0.0, 51.06769694694695, 37.97054715865967, 0.2222222222222222, 48.69018970116536, 49.86979681504676, 49.41146348171343, 38.43055555555555, 36.88111536817931, 5.25, 47.99783646170315, 36.31944444444444, 5.917052171907222, 30.702139372474466, 46.783127288987984, 45.875, 15.736111111111109, 29.041666666666664, 29.51388888888889, 30.01154099853952, 7.680555555555555, 2.833333333333333, 4.527777777777778, 42.95833333333333, 13.833333333333332, 59.388888888888886, 8.355570489413031, 38.43113434838423, 54.041666666666664, 3.8055555555555554, 10.08794339563142, 10.593542343373542, 9.157387840075865, 39.48407029700703, 40.25483554100653, 42.00248765065716, 43.34141993173262, 0.0, 0.0, 0.0, 0.0, 0.0, 0.0, 0.0, 0.0, 0.0, 0.0, 0.0, 0.0, 0.0, 0.0, 0.0, 0.0, 0.0, 0.0, 0.0, 0.0, 0.0, 0.0, 0.0, 0.0, 0.0, 0.0, 0.0, 0.0]
	usedVehicles=4
	currentTime=[51.06769694694695, 43.34141993173262, 42.95833333333333, 59.388888888888886]
	currentQuantity=[20.0, 20.0, 20.0, 5.0]
	total_tour_length=10.411134420944201
	costObjectives=[10.411134420944201, 2.172651772247114]
}

3:

Ant{
	tours=[[-1, 0, 35, 34, 33, 4, 6, 5, 3, 7, -1], [-1, 8, 11, 15, 23, 16, 22, 24, 21, 17, 18, 12, 13, 9, -1], [-1, 2, 1, 26, 30, 28, 31, 29, 32, 19, 25, 10, 14, -1], [-1, 20, 27, -1]]
	tour_lengths=[2.0070542738197226, 3.2094897377927207, 4.088280507258059, 1.8807493984814525]
	beginService=[0.0, 0.25946585683707507, 1.083333333333333, 0.2222222222222222, 46.596273780548074, 40.65277777777777, 45.875, 41.55555555555555, 47.28651983059796, 5.25, 64.04727842589065, 36.31944444444444, 5.917052171907222, 61.890760229898994, 62.83256925317548, 45.875, 13.430555555555555, 29.041666666666664, 60.702509746313424, 61.200161855964055, 9.492590045336255, 2.833333333333333, 60.0354575744062, 42.95833333333333, 14.083333333333332, 59.388888888888886, 10.167604979193731, 1.5439205230578936, 54.041666666666664, 4.374054377329305, 7.805555555555555, 2.7041594757228884, 6.875, 8.402777777777777, 38.43055555555555, 1.8034651248602172, 0.8811995104514277, 0.0, 0.0, 0.0, 0.0, 0.0, 0.0, 0.0, 0.0, 0.0, 0.0, 0.0, 0.0, 0.0, 0.0, 0.0, 0.0, 0.0, 0.0, 0.0, 0.0, 0.0, 0.0, 0.0, 0.0, 0.0, 0.0, 0.0, 0.0]
	usedVehicles=4
	currentTime=[47.28651983059796, 64.04727842589065, 45.875, 54.041666666666664]
	currentQuantity=[20.0, 20.0, 20.0, 5.0]
	total_tour_length=11.185573917351954
	costObjectives=[11.185573917351954, 2.2075311087766063]
}

4:

Ant{
	tours=[[-1, 8, 11, 15, 23, 7, 9, 10, 14, 13, 12, 18, -1], [-1, 1, 26, 32, 31, 28, 19, 25, 16, 22, 21, 17, 24, 29, 30, -1], [-1, 0, 35, 34, 33, 4, 6, 3, 5, 2, -1], [-1, 20, 27, -1]]
	tour_lengths=[2.5961625828515458, 4.203435393997598, 2.475213982896764, 1.8807493984814525]
	beginService=[0.0, 0.25946585683707507, 0.22395160411940412, 46.65517367578617, 43.54764929205166, 40.65277777777777, 45.875, 41.55555555555555, 16.07394177193585, 5.25, 16.988260548253145, 36.31944444444444, 5.917052171907222, 47.72493631226447, 46.783127288987984, 45.875, 13.430555555555555, 29.041666666666664, 44.308849015133575, 48.83220135286608, 10.009831861846935, 2.833333333333333, 43.64179684322636, 42.95833333333333, 14.083333333333332, 59.388888888888886, 10.684846795704411, 0.684538793843965, 54.041666666666664, 8.101170433992525, 60.31662137480483, 60.822220322546954, 6.875, 1.737474742466769, 38.43055555555555, 1.8034651248602172, 0.8811995104514277, 0.0, 0.0, 0.0, 0.0, 0.0, 0.0, 0.0, 0.0, 0.0, 0.0, 0.0, 0.0, 0.0, 0.0, 0.0, 0.0, 0.0, 0.0, 0.0, 0.0, 0.0, 0.0, 0.0, 0.0, 0.0, 0.0, 0.0, 0.0]
	usedVehicles=4
	currentTime=[48.83220135286608, 60.822220322546954, 46.65517367578617, 54.041666666666664]
	currentQuantity=[20.0, 20.0, 20.0, 5.0]
	total_tour_length=11.15556135822736
	costObjectives=[11.15556135822736, 2.3226859955161454]
}

5:

Ant{
	tours=[[-1, 0, 35, 34, 33, 4, 6, 5, 3, 2, -1], [-1, 23, 15, 16, 22, 21, 17, 18, 12, 14, 13, 9, 7, 1, -1], [-1, 8, 11, 31, 19, 10, 29, 30, 32, 26, 27, 24, 25, -1], [-1, 20, 28, -1]]
	tour_lengths=[1.876170681100581, 2.7330226716059642, 5.452339522332525, 1.828867415437586]
	beginService=[0.0, 0.25946585683707507, 50.15146430499774, 47.075053446589735, 46.596273780548074, 40.65277777777777, 45.875, 41.55555555555555, 49.06203251451738, 5.25, 48.564380404866746, 36.31944444444444, 5.917052171907222, 45.497099498719145, 47.34967123215158, 46.441543943163595, 15.736111111111109, 29.041666666666664, 44.308849015133575, 44.806501124784205, 9.433022439062697, 2.833333333333333, 43.64179684322636, 42.95833333333333, 13.833333333333332, 59.388888888888886, 59.916666666666664, 39.9613126741427, 54.041666666666664, 5.183948458458063, 37.45833333333333, 37.96393228107545, 7.9588406615594005, 39.325043392186565, 38.43055555555555, 1.8034651248602172, 0.8811995104514277, 0.0, 0.0, 0.0, 0.0, 0.0, 0.0, 0.0, 0.0, 0.0, 0.0, 0.0, 0.0, 0.0, 0.0, 0.0, 0.0, 0.0, 0.0, 0.0, 0.0, 0.0, 0.0, 0.0, 0.0, 0.0, 0.0, 0.0, 0.0]
	usedVehicles=4
	currentTime=[47.075053446589735, 50.15146430499774, 59.916666666666664, 5.183948458458063]
	currentQuantity=[20.0, 20.0, 18.0, 7.0]
	total_tour_length=11.890400290476656
	costObjectives=[11.890400290476656, 3.623472106894939]
}

6:

Ant{
	tours=[[-1, 0, 35, 34, 33, 4, 6, 5, 3, 2, -1], [-1, 8, 11, 15, 23, 16, 22, 21, 17, 18, 12, 14, 13, -1], [-1, 1, 26, 31, 28, 19, 25, 10, 24, 29, 30, 32, 9, 7, -1], [-1, 20, 27, -1]]
	tour_lengths=[1.876170681100581, 3.1991377816638695, 4.37911746632662, 1.8807493984814525]
	beginService=[0.0, 0.25946585683707507, 0.22395160411940412, 47.075053446589735, 46.596273780548074, 40.65277777777777, 45.875, 41.55555555555555, 63.588696585799354, 5.25, 63.091044476148724, 36.31944444444444, 5.917052171907222, 45.497099498719145, 47.34967123215158, 46.441543943163595, 13.430555555555555, 29.041666666666664, 44.308849015133575, 44.806501124784205, 10.009831861846935, 2.833333333333333, 43.64179684322636, 42.95833333333333, 14.083333333333332, 59.388888888888886, 10.684846795704411, 0.684538793843965, 54.041666666666664, 8.101170433992525, 60.31662137480483, 60.822220322546954, 6.875, 62.18333143365807, 38.43055555555555, 1.8034651248602172, 0.8811995104514277, 0.0, 0.0, 0.0, 0.0, 0.0, 0.0, 0.0, 0.0, 0.0, 0.0, 0.0, 0.0, 0.0, 0.0, 0.0, 0.0, 0.0, 0.0, 0.0, 0.0, 0.0, 0.0, 0.0, 0.0, 0.0, 0.0, 0.0, 0.0]
	usedVehicles=4
	currentTime=[47.075053446589735, 47.34967123215158, 63.588696585799354, 54.041666666666664]
	currentQuantity=[20.0, 20.0, 20.0, 5.0]
	total_tour_length=11.335175327572522
	costObjectives=[11.335175327572522, 2.502946785226039]
}

7:

Ant{
	tours=[[-1, 8, 11, 15, 23, 7, 9, 10, 14, 13, 12, 18, -1], [-1, 1, 26, 32, 31, 28, 19, 25, 16, 22, 21, 17, 24, 29, 30, -1], [-1, 0, 35, 34, 33, 4, 6, 3, 5, 2, -1], [-1, 20, 27, -1]]
	tour_lengths=[2.5961625828515458, 4.203435393997598, 2.475213982896764, 1.8807493984814525]
	beginService=[0.0, 0.25946585683707507, 0.22395160411940412, 46.65517367578617, 43.54764929205166, 40.65277777777777, 45.875, 41.55555555555555, 16.07394177193585, 5.25, 16.988260548253145, 36.31944444444444, 5.917052171907222, 47.72493631226447, 46.783127288987984, 45.875, 13.430555555555555, 29.041666666666664, 44.308849015133575, 48.83220135286608, 10.009831861846935, 2.833333333333333, 43.64179684322636, 42.95833333333333, 14.083333333333332, 59.388888888888886, 10.684846795704411, 0.684538793843965, 54.041666666666664, 8.101170433992525, 60.31662137480483, 60.822220322546954, 6.875, 1.737474742466769, 38.43055555555555, 1.8034651248602172, 0.8811995104514277, 0.0, 0.0, 0.0, 0.0, 0.0, 0.0, 0.0, 0.0, 0.0, 0.0, 0.0, 0.0, 0.0, 0.0, 0.0, 0.0, 0.0, 0.0, 0.0, 0.0, 0.0, 0.0, 0.0, 0.0, 0.0, 0.0, 0.0, 0.0]
	usedVehicles=4
	currentTime=[48.83220135286608, 60.822220322546954, 46.65517367578617, 54.041666666666664]
	currentQuantity=[20.0, 20.0, 20.0, 5.0]
	total_tour_length=11.15556135822736
	costObjectives=[11.15556135822736, 2.3226859955161454]
}

8:

Ant{
	tours=[[-1, 0, 35, 34, 33, 4, 6, 5, 3, 2, -1], [-1, 8, 11, 13, 15, 23, 16, 22, 25, 21, 17, 18, 24, 29, 32, -1], [-1, 1, 26, 31, 28, 19, 12, 10, 14, 9, 7, 27, -1], [-1, 30, 20, -1]]
	tour_lengths=[1.876170681100581, 3.769718457622074, 4.800182095488047, 1.635168576314403]
	beginService=[0.0, 0.25946585683707507, 0.22395160411940412, 47.075053446589735, 46.596273780548074, 40.65277777777777, 45.875, 41.55555555555555, 47.579955221257194, 5.25, 47.082303111606564, 36.31944444444444, 5.917052171907222, 11.05626430899997, 7.2781632830183325, 45.875, 13.430555555555555, 29.041666666666664, 44.79501333073493, 45.29266544038556, 10.009831861846935, 2.833333333333333, 44.127961158827716, 42.95833333333333, 14.083333333333332, 59.388888888888886, 43.41666666666666, 0.684538793843965, 54.041666666666664, 8.101170433992525, 60.31662137480483, 0.4129463540921807, 6.875, 60.91384359702705, 38.43055555555555, 1.8034651248602172, 0.8811995104514277, 0.0, 0.0, 0.0, 0.0, 0.0, 0.0, 0.0, 0.0, 0.0, 0.0, 0.0, 0.0, 0.0, 0.0, 0.0, 0.0, 0.0, 0.0, 0.0, 0.0, 0.0, 0.0, 0.0, 0.0, 0.0, 0.0, 0.0, 0.0]
	usedVehicles=4
	currentTime=[47.075053446589735, 60.91384359702705, 54.041666666666664, 2.833333333333333]
	currentQuantity=[20.0, 20.0, 18.0, 7.0]
	total_tour_length=12.081239810525105
	costObjectives=[12.081239810525105, 3.165013519173644]
}

9:

Ant{
	tours=[[-1, 0, 35, 34, 33, 4, 6, 5, 3, 2, -1], [-1, 8, 11, 15, 23, 16, 24, 17, 21, 25, 29, 30, 32, 1, -1], [-1, 26, 31, 28, 19, 18, 12, 10, 9, 7, 22, 14, 13, -1], [-1, 20, 27, -1]]
	tour_lengths=[1.876170681100581, 3.430704563892765, 4.3460542507042845, 1.8807493984814525]
	beginService=[0.0, 0.25946585683707507, 64.81969981871632, 47.075053446589735, 46.596273780548074, 40.65277777777777, 45.875, 41.55555555555555, 37.30320766520618, 5.25, 36.80555555555555, 36.31944444444444, 5.917052171907222, 11.481663701015398, 46.783127288987984, 45.875, 13.430555555555555, 29.041666666666664, 60.041666666666664, 10.791065327080453, 10.009831861846935, 2.833333333333333, 60.70871883857389, 42.95833333333333, 14.083333333333332, 59.388888888888886, 61.420013330734946, 0.21960261528947078, 54.041666666666664, 8.101170433992525, 62.27279995484904, 62.778398902591164, 6.875, 64.13951001370228, 38.43055555555555, 1.8034651248602172, 0.8811995104514277, 0.0, 0.0, 0.0, 0.0, 0.0, 0.0, 0.0, 0.0, 0.0, 0.0, 0.0, 0.0, 0.0, 0.0, 0.0, 0.0, 0.0, 0.0, 0.0, 0.0, 0.0, 0.0, 0.0, 0.0, 0.0, 0.0, 0.0, 0.0]
	usedVehicles=4
	currentTime=[47.075053446589735, 64.81969981871632, 46.783127288987984, 54.041666666666664]
	currentQuantity=[20.0, 20.0, 20.0, 5.0]
	total_tour_length=11.533678894179083
	costObjectives=[11.533678894179083, 2.4698835696037036]
}

10:

Ant{
	tours=[[-1, 2, 3, 5, 4, 0, 35, 34, 30, 29, 27, 24, 17, 21, -1], [-1, 8, 11, 18, 15, 23, 16, 22, 25, 14, 13, 12, 9, -1], [-1, 1, 26, 31, 28, 19, 32, 33, 6, 7, -1], [-1, 20, 10, -1]]
	tour_lengths=[3.629777143634127, 3.0789215915545425, 3.9027342519893904, 1.3935678844178345]
	beginService=[0.0, 47.53123346523352, 0.22395160411940412, 0.2222222222222222, 43.20833333333333, 46.33333333333333, 45.875, 40.722222222222214, 42.86780387915462, 5.25, 48.83220135286608, 36.31944444444444, 5.917052171907222, 47.72493631226447, 46.783127288987984, 45.875, 13.430555555555555, 29.041666666666664, 60.041666666666664, 7.386654787196693, 10.009831861846935, 2.833333333333333, 60.70871883857389, 42.95833333333333, 14.083333333333332, 59.388888888888886, 43.41666666666666, 0.684538793843965, 54.041666666666664, 8.101170433992525, 51.95417352846852, 50.615241247393065, 6.875, 11.099644129405414, 38.43055555555555, 49.07523273325666, 48.15296711884787, 0.0, 0.0, 0.0, 0.0, 0.0, 0.0, 0.0, 0.0, 0.0, 0.0, 0.0, 0.0, 0.0, 0.0, 0.0, 0.0, 0.0, 0.0, 0.0, 0.0, 0.0, 0.0, 0.0, 0.0, 0.0, 0.0, 0.0, 0.0]
	usedVehicles=4
	currentTime=[60.70871883857389, 48.83220135286608, 42.86780387915462, 36.31944444444444]
	currentQuantity=[20.0, 20.0, 20.0, 5.0]
	total_tour_length=12.005000871595893
	costObjectives=[12.005000871595893, 2.509166367571556]
}

11:

Ant{
	tours=[[-1, 8, 11, 15, 23, 7, 9, 10, 14, 13, 12, 18, -1], [-1, 1, 26, 32, 31, 28, 19, 25, 16, 22, 21, 17, 24, 29, 30, -1], [-1, 0, 35, 34, 33, 4, 6, 5, 3, 2, -1], [-1, 20, 27, -1]]
	tour_lengths=[2.5961625828515458, 4.203435393997598, 1.876170681100581, 1.8807493984814525]
	beginService=[0.0, 0.25946585683707507, 0.22395160411940412, 47.075053446589735, 46.596273780548074, 40.65277777777777, 45.875, 41.55555555555555, 16.07394177193585, 5.25, 16.988260548253145, 36.31944444444444, 5.917052171907222, 47.72493631226447, 46.783127288987984, 45.875, 13.430555555555555, 29.041666666666664, 44.308849015133575, 48.83220135286608, 10.009831861846935, 2.833333333333333, 43.64179684322636, 42.95833333333333, 14.083333333333332, 59.388888888888886, 10.684846795704411, 0.684538793843965, 54.041666666666664, 8.101170433992525, 60.31662137480483, 60.822220322546954, 6.875, 1.737474742466769, 38.43055555555555, 1.8034651248602172, 0.8811995104514277, 0.0, 0.0, 0.0, 0.0, 0.0, 0.0, 0.0, 0.0, 0.0, 0.0, 0.0, 0.0, 0.0, 0.0, 0.0, 0.0, 0.0, 0.0, 0.0, 0.0, 0.0, 0.0, 0.0, 0.0, 0.0, 0.0, 0.0, 0.0]
	usedVehicles=4
	currentTime=[48.83220135286608, 60.822220322546954, 47.075053446589735, 54.041666666666664]
	currentQuantity=[20.0, 20.0, 20.0, 5.0]
	total_tour_length=10.556518056431177
	costObjectives=[10.556518056431177, 2.327264712897017]
}

12:

Ant{
	tours=[[-1, 8, 11, 15, 23, 7, 9, 10, 14, 13, 12, 18, -1], [-1, 1, 26, 32, 31, 28, 19, 25, 17, 16, 22, 21, 24, 29, 30, -1], [-1, 0, 34, 33, 4, 6, 5, 3, 2, 35, -1], [-1, 20, 27, -1]]
	tour_lengths=[2.5961625828515458, 4.057951907607693, 2.35632568315635, 1.8807493984814525]
	beginService=[0.0, 0.25946585683707507, 0.22395160411940412, 47.075053446589735, 46.596273780548074, 40.65277777777777, 45.875, 41.55555555555555, 16.07394177193585, 5.25, 16.988260548253145, 36.31944444444444, 5.917052171907222, 47.72493631226447, 46.783127288987984, 45.875, 13.430555555555555, 29.041666666666664, 11.448735684593299, 48.83220135286608, 10.009831861846935, 2.833333333333333, 43.64179684322636, 42.95833333333333, 14.083333333333332, 59.388888888888886, 10.684846795704411, 0.684538793843965, 54.041666666666664, 8.101170433992525, 60.31662137480483, 60.822220322546954, 6.875, 1.737474742466769, 38.43055555555555, 0.9651415797076974, 48.18789527711054, 0.0, 0.0, 0.0, 0.0, 0.0, 0.0, 0.0, 0.0, 0.0, 0.0, 0.0, 0.0, 0.0, 0.0, 0.0, 0.0, 0.0, 0.0, 0.0, 0.0, 0.0, 0.0, 0.0, 0.0, 0.0, 0.0, 0.0, 0.0]
	usedVehicles=4
	currentTime=[48.83220135286608, 60.822220322546954, 48.18789527711054, 54.041666666666664]
	currentQuantity=[20.0, 20.0, 20.0, 5.0]
	total_tour_length=10.89118957209704
	costObjectives=[10.89118957209704, 2.1772025091262406]
}

13:

Ant{
	tours=[[-1, 7, 8, 11, 15, 23, 16, 22, 24, 25, 21, 17, 18, 12, -1], [-1, 1, 32, 31, 28, 27, 29, 30, 34, 35, 2, 0, -1], [-1, 26, 9, 20, 19, 10, 3, 5, 4, 14, 13, -1], [-1, 33, 6, -1]]
	tour_lengths=[3.1338096403181717, 2.53988367483173, 3.732697677053563, 1.7822627093986927]
	beginService=[0.0, 60.26876941071592, 0.22395160411940412, 59.360642121727935, 43.20833333333333, 46.33333333333333, 45.875, 40.722222222222214, 0.1416394309331329, 5.25, 1.363500945497775, 36.31944444444444, 5.917052171907222, 62.483263814320516, 48.72993153426969, 47.821804245281704, 13.430555555555555, 29.041666666666664, 61.295013330734946, 61.792665440385576, 7.680555555555555, 2.833333333333333, 60.62796115882772, 42.95833333333333, 14.083333333333332, 59.388888888888886, 59.916666666666664, 0.21960261528947078, 54.041666666666664, 8.101170433992525, 54.863260548253145, 55.36885949599527, 6.875, 0.9041414091334358, 38.43055555555555, 56.90886801013167, 58.24780029120713, 0.0, 0.0, 0.0, 0.0, 0.0, 0.0, 0.0, 0.0, 0.0, 0.0, 0.0, 0.0, 0.0, 0.0, 0.0, 0.0, 0.0, 0.0, 0.0, 0.0, 0.0, 0.0, 0.0, 0.0, 0.0, 0.0, 0.0, 0.0]
	usedVehicles=4
	currentTime=[62.483263814320516, 60.26876941071592, 48.72993153426969, 40.722222222222214]
	currentQuantity=[20.0, 20.0, 17.0, 8.0]
	total_tour_length=11.188653701602156
	costObjectives=[11.188653701602156, 1.9504349676548702]
}

14:

Ant{
	tours=[[-1, 0, 35, 34, 33, 4, 6, 5, 3, 2, -1], [-1, 8, 11, 15, 23, 16, 22, 21, 17, 18, 12, 14, 13, -1], [-1, 7, 9, 1, 26, 31, 28, 19, 25, 10, 24, 29, 30, 32, -1], [-1, 20, 27, -1]]
	tour_lengths=[1.876170681100581, 3.1991377816638695, 4.255913048970926, 1.8807493984814525]
	beginService=[0.0, 0.25946585683707507, 1.7538534396298258, 47.075053446589735, 46.596273780548074, 40.65277777777777, 45.875, 41.55555555555555, 0.1416394309331329, 5.25, 1.0559582072504288, 36.31944444444444, 5.917052171907222, 45.497099498719145, 47.34967123215158, 46.441543943163595, 13.430555555555555, 29.041666666666664, 44.308849015133575, 44.806501124784205, 10.009831861846935, 2.833333333333333, 43.64179684322636, 42.95833333333333, 14.083333333333332, 59.388888888888886, 10.684846795704411, 2.2144406293543866, 54.041666666666664, 8.101170433992525, 60.31662137480483, 60.822220322546954, 6.875, 62.18333143365807, 38.43055555555555, 1.8034651248602172, 0.8811995104514277, 0.0, 0.0, 0.0, 0.0, 0.0, 0.0, 0.0, 0.0, 0.0, 0.0, 0.0, 0.0, 0.0, 0.0, 0.0, 0.0, 0.0, 0.0, 0.0, 0.0, 0.0, 0.0, 0.0, 0.0, 0.0, 0.0, 0.0, 0.0]
	usedVehicles=4
	currentTime=[47.075053446589735, 47.34967123215158, 62.18333143365807, 54.041666666666664]
	currentQuantity=[20.0, 20.0, 20.0, 5.0]
	total_tour_length=11.211970910216827
	costObjectives=[11.211970910216827, 2.3797423678703447]
}

15:

Ant{
	tours=[[-1, 0, 35, 34, 33, 4, 6, 5, 3, 2, -1], [-1, 8, 11, 15, 23, 16, 22, 18, 12, 14, 13, 17, 24, -1], [-1, 1, 26, 31, 28, 19, 21, 25, 10, 9, 7, 29, 27, 30, -1], [-1, 20, 32, -1]]
	tour_lengths=[1.876170681100581, 3.3186593907913653, 4.601450982291679, 1.4806245664441446]
	beginService=[0.0, 0.25946585683707507, 0.22395160411940412, 47.075053446589735, 46.596273780548074, 40.65277777777777, 45.875, 41.55555555555555, 37.30320766520618, 5.25, 36.80555555555555, 36.31944444444444, 5.917052171907222, 44.41969695126777, 46.783127288987984, 45.875, 13.430555555555555, 29.041666666666664, 48.003360296687546, 43.72909857733283, 10.009831861846935, 2.833333333333333, 10.482054084069157, 42.95833333333333, 14.083333333333332, 59.388888888888886, 11.193348576230218, 0.684538793843965, 54.041666666666664, 8.101170433992525, 38.72136053385694, 54.95153558068235, 6.875, 5.183948458458063, 38.43055555555555, 1.8034651248602172, 0.8811995104514277, 0.0, 0.0, 0.0, 0.0, 0.0, 0.0, 0.0, 0.0, 0.0, 0.0, 0.0, 0.0, 0.0, 0.0, 0.0, 0.0, 0.0, 0.0, 0.0, 0.0, 0.0, 0.0, 0.0, 0.0, 0.0, 0.0, 0.0, 0.0]
	usedVehicles=4
	currentTime=[47.075053446589735, 59.388888888888886, 54.95153558068235, 5.183948458458063]
	currentQuantity=[20.0, 20.0, 20.0, 5.0]
	total_tour_length=11.276905620627769
	costObjectives=[11.276905620627769, 3.1208264158475343]
}

16:

Ant{
	tours=[[-1, 0, 35, 34, 33, 4, 6, 5, 3, 2, -1], [-1, 8, 11, 15, 23, 16, 22, 18, 12, 14, 13, 17, 24, -1], [-1, 1, 26, 31, 28, 19, 21, 25, 10, 9, 7, 29, 27, 30, -1], [-1, 20, 32, -1]]
	tour_lengths=[1.876170681100581, 3.3186593907913653, 4.601450982291679, 1.4806245664441446]
	beginService=[0.0, 0.25946585683707507, 0.22395160411940412, 47.075053446589735, 46.596273780548074, 40.65277777777777, 45.875, 41.55555555555555, 37.30320766520618, 5.25, 36.80555555555555, 36.31944444444444, 5.917052171907222, 44.41969695126777, 46.783127288987984, 45.875, 13.430555555555555, 29.041666666666664, 48.003360296687546, 43.72909857733283, 10.009831861846935, 2.833333333333333, 10.482054084069157, 42.95833333333333, 14.083333333333332, 59.388888888888886, 11.193348576230218, 0.684538793843965, 54.041666666666664, 8.101170433992525, 38.72136053385694, 54.95153558068235, 6.875, 5.183948458458063, 38.43055555555555, 1.8034651248602172, 0.8811995104514277, 0.0, 0.0, 0.0, 0.0, 0.0, 0.0, 0.0, 0.0, 0.0, 0.0, 0.0, 0.0, 0.0, 0.0, 0.0, 0.0, 0.0, 0.0, 0.0, 0.0, 0.0, 0.0, 0.0, 0.0, 0.0, 0.0, 0.0, 0.0]
	usedVehicles=4
	currentTime=[47.075053446589735, 59.388888888888886, 54.95153558068235, 5.183948458458063]
	currentQuantity=[20.0, 20.0, 20.0, 5.0]
	total_tour_length=11.276905620627769
	costObjectives=[11.276905620627769, 3.1208264158475343]
}

17:

Ant{
	tours=[[-1, 0, 35, 34, 33, 4, 6, 5, 3, 2, -1], [-1, 8, 11, 15, 23, 16, 22, 21, 17, 18, 12, 14, 13, -1], [-1, 1, 26, 32, 31, 28, 19, 25, 10, 24, 29, 30, 9, 7, -1], [-1, 20, 27, -1]]
	tour_lengths=[1.876170681100581, 3.1991377816638695, 4.3854530069128534, 1.8807493984814525]
	beginService=[0.0, 0.25946585683707507, 0.22395160411940412, 47.075053446589735, 46.596273780548074, 40.65277777777777, 45.875, 41.55555555555555, 63.171118566139626, 5.25, 62.673466456488995, 36.31944444444444, 5.917052171907222, 45.497099498719145, 47.34967123215158, 46.441543943163595, 13.430555555555555, 29.041666666666664, 44.308849015133575, 44.806501124784205, 10.009831861846935, 2.833333333333333, 43.64179684322636, 42.95833333333333, 14.083333333333332, 59.388888888888886, 10.684846795704411, 0.684538793843965, 54.041666666666664, 8.101170433992525, 60.31662137480483, 60.822220322546954, 6.875, 1.737474742466769, 38.43055555555555, 1.8034651248602172, 0.8811995104514277, 0.0, 0.0, 0.0, 0.0, 0.0, 0.0, 0.0, 0.0, 0.0, 0.0, 0.0, 0.0, 0.0, 0.0, 0.0, 0.0, 0.0, 0.0, 0.0, 0.0, 0.0, 0.0, 0.0, 0.0, 0.0, 0.0, 0.0, 0.0]
	usedVehicles=4
	currentTime=[47.075053446589735, 47.34967123215158, 63.171118566139626, 54.041666666666664]
	currentQuantity=[20.0, 20.0, 20.0, 5.0]
	total_tour_length=11.341510868158757
	costObjectives=[11.341510868158757, 2.5092823258122725]
}

18:

Ant{
	tours=[[-1, 7, 8, 9, 10, 14, 13, 12, 18, 17, 21, 24, 25, 29, 30, -1], [-1, 26, 31, 28, 27, 32, 34, 35, 0, 1, 2, 4, -1], [-1, 11, 20, 19, 23, 15, 16, 22, 3, 5, -1], [-1, 33, 6, -1]]
	tour_lengths=[2.7334712960190592, 3.074471229030129, 3.3413702957903717, 1.7822627093986927]
	beginService=[0.0, 58.092063481682345, 58.55880724939712, 59.00325169384156, 43.9550170282728, 60.17279942820018, 45.875, 40.722222222222214, 0.1416394309331329, 5.25, 5.736111111111112, 36.31944444444444, 2.5, 47.72493631226447, 46.783127288987984, 45.875, 15.736111111111109, 29.041666666666664, 49.32985346251671, 48.83220135286608, 7.680555555555555, 4.29237844971574, 49.996905634423925, 42.95833333333333, 13.833333333333332, 59.388888888888886, 59.916666666666664, 0.21960261528947078, 54.041666666666664, 8.101170433992525, 60.76945329078076, 61.27505223852288, 6.875, 55.0189010019614, 38.43055555555555, 55.71473088032587, 57.053663161401325, 0.0, 0.0, 0.0, 0.0, 0.0, 0.0, 0.0, 0.0, 0.0, 0.0, 0.0, 0.0, 0.0, 0.0, 0.0, 0.0, 0.0, 0.0, 0.0, 0.0, 0.0, 0.0, 0.0, 0.0, 0.0, 0.0, 0.0, 0.0]
	usedVehicles=4
	currentTime=[61.27505223852288, 60.17279942820018, 45.875, 40.722222222222214]
	currentQuantity=[20.0, 20.0, 17.0, 8.0]
	total_tour_length=10.931575530238252
	costObjectives=[10.931575530238252, 1.559107586391679]
}

19:

Ant{
	tours=[[-1, 0, 35, 34, 31, 28, 27, 29, 30, 32, 26, 1, -1], [-1, 8, 11, 15, 23, 16, 22, 21, 17, 18, 12, 14, 13, -1], [-1, 2, 4, 6, 10, 33, 3, 5, 7, 9, 24, 25, -1], [-1, 20, 19, -1]]
	tour_lengths=[2.463254817192044, 3.1991377816638695, 3.968964670648118, 1.0007930039710584]
	beginService=[0.0, 0.25946585683707507, 58.24349374545374, 0.2222222222222222, 43.77736332715166, 1.3917699565808388, 45.875, 38.43055555555555, 46.76327574573193, 5.25, 47.67759452204923, 40.51388888888888, 5.917052171907222, 45.497099498719145, 47.34967123215158, 46.441543943163595, 13.430555555555555, 29.041666666666664, 44.308849015133575, 44.806501124784205, 7.680555555555555, 2.833333333333333, 43.64179684322636, 42.95833333333333, 14.083333333333332, 59.388888888888886, 59.916666666666664, 57.36623988906251, 54.041666666666664, 8.101170433992525, 54.863260548253145, 55.36885949599527, 6.875, 56.72997060710638, 41.681712071277204, 1.8034651248602172, 0.8811995104514277, 0.0, 0.0, 0.0, 0.0, 0.0, 0.0, 0.0, 0.0, 0.0, 0.0, 0.0, 0.0, 0.0, 0.0, 0.0, 0.0, 0.0, 0.0, 0.0, 0.0, 0.0, 0.0, 0.0, 0.0, 0.0, 0.0, 0.0, 0.0]
	usedVehicles=4
	currentTime=[58.24349374545374, 47.34967123215158, 59.916666666666664, 7.680555555555555]
	currentQuantity=[20.0, 20.0, 20.0, 5.0]
	total_tour_length=10.632150273475089
	costObjectives=[10.632150273475089, 2.9681716666770597]
}

20:

Ant{
	tours=[[-1, 8, 11, 18, 17, 21, 19, 25, 31, 23, 15, 16, 22, 24, 29, -1], [-1, 7, 9, 1, 34, 33, 4, 6, 5, 3, 0, -1], [-1, 2, 10, 14, 13, 12, 27, 30, 35, 32, 26, -1], [-1, 20, 28, -1]]
	tour_lengths=[3.5699102863083527, 2.2418732577871023, 3.5428722415210965, 1.828867415437586]
	beginService=[0.0, 47.11405308456586, 1.7538534396298258, 0.2222222222222222, 46.596273780548074, 40.65277777777777, 45.875, 41.55555555555555, 0.1416394309331329, 5.25, 1.0559582072504288, 36.31944444444444, 5.917052171907222, 47.72493631226447, 46.783127288987984, 45.875, 15.736111111111109, 29.041666666666664, 7.884306896847322, 7.386654787196693, 9.023581290976765, 2.833333333333333, 8.551359068754543, 42.95833333333333, 13.833333333333332, 59.388888888888886, 9.69859622483424, 58.13170072830156, 54.041666666666664, 5.183948458458063, 60.31662137480483, 54.95153558068235, 10.500413575497074, 57.49543144634543, 38.43055555555555, 2.5095910956224285, 56.451921085922905, 0.0, 0.0, 0.0, 0.0, 0.0, 0.0, 0.0, 0.0, 0.0, 0.0, 0.0, 0.0, 0.0, 0.0, 0.0, 0.0, 0.0, 0.0, 0.0, 0.0, 0.0, 0.0, 0.0, 0.0, 0.0, 0.0, 0.0, 0.0]
	usedVehicles=4
	currentTime=[60.31662137480483, 47.11405308456586, 58.13170072830156, 5.183948458458063]
	currentQuantity=[20.0, 20.0, 18.0, 7.0]
	total_tour_length=11.183523201054136
	costObjectives=[11.183523201054136, 1.7410428708707668]
}

21:

Ant{
	tours=[[-1, 0, 35, 34, 31, 28, 27, 29, 30, 32, 26, 1, -1], [-1, 8, 11, 15, 23, 16, 22, 17, 7, 3, 5, 4, 2, -1], [-1, 9, 20, 19, 10, 13, 14, 12, 18, 24, 21, 25, -1], [-1, 33, 6, -1]]
	tour_lengths=[2.463254817192044, 3.386047400935497, 3.4021757004491398, 1.7822627093986927]
	beginService=[0.0, 0.25946585683707507, 58.24349374545374, 47.86010537098955, 45.51095052274953, 46.690557636630935, 46.232224303297606, 40.722222222222214, 44.404037806032974, 5.25, 0.21960261528947078, 36.31944444444444, 5.917052171907222, 46.81944444444445, 37.06153818094055, 45.875, 13.430555555555555, 29.041666666666664, 43.68055555555555, 47.92670948504606, 7.680555555555555, 2.833333333333333, 60.0354575744062, 42.95833333333333, 14.083333333333332, 59.388888888888886, 60.74675206656726, 57.36623988906251, 54.041666666666664, 8.101170433992525, 54.863260548253145, 55.36885949599527, 6.875, 56.72997060710638, 38.43055555555555, 1.8034651248602172, 0.8811995104514277, 0.0, 0.0, 0.0, 0.0, 0.0, 0.0, 0.0, 0.0, 0.0, 0.0, 0.0, 0.0, 0.0, 0.0, 0.0, 0.0, 0.0, 0.0, 0.0, 0.0, 0.0, 0.0, 0.0, 0.0, 0.0, 0.0, 0.0, 0.0]
	usedVehicles=4
	currentTime=[58.24349374545374, 47.86010537098955, 60.74675206656726, 40.722222222222214]
	currentQuantity=[20.0, 20.0, 17.0, 8.0]
	total_tour_length=11.033740627975373
	costObjectives=[11.033740627975373, 1.619912991050447]
}

22:

Ant{
	tours=[[-1, 1, 26, 32, 30, 31, 28, 27, 29, 34, 35, 0, -1], [-1, 8, 11, 15, 23, 16, 22, 25, 21, 17, 18, 24, 13, 12, -1], [-1, 2, 4, 6, 10, 33, 3, 5, 9, 7, 14, -1], [-1, 20, 19, -1]]
	tour_lengths=[2.479564470928941, 3.7208509063688258, 4.016764162908361, 1.0007930039710584]
	beginService=[0.0, 58.031229594549515, 0.22395160411940412, 0.2222222222222222, 43.77736332715166, 1.3917699565808388, 45.875, 38.43055555555555, 47.208063593864, 5.25, 46.71041148421337, 40.51388888888888, 5.917052171907222, 61.36052402479437, 60.41871500151789, 48.46925586610704, 13.430555555555555, 29.041666666666664, 44.79501333073493, 45.29266544038556, 7.680555555555555, 2.833333333333333, 44.127961158827716, 42.95833333333333, 14.083333333333332, 59.388888888888886, 43.41666666666666, 0.684538793843965, 54.041666666666664, 8.101170433992525, 54.863260548253145, 2.265252520244547, 6.875, 1.737474742466769, 41.681712071277204, 55.65389699319304, 56.992829274268495, 0.0, 0.0, 0.0, 0.0, 0.0, 0.0, 0.0, 0.0, 0.0, 0.0, 0.0, 0.0, 0.0, 0.0, 0.0, 0.0, 0.0, 0.0, 0.0, 0.0, 0.0, 0.0, 0.0, 0.0, 0.0, 0.0, 0.0, 0.0]
	usedVehicles=4
	currentTime=[58.031229594549515, 61.36052402479437, 48.46925586610704, 7.680555555555555]
	currentQuantity=[20.0, 20.0, 20.0, 5.0]
	total_tour_length=11.217972544177186
	costObjectives=[11.217972544177186, 3.0159711589373024]
}

23:

Ant{
	tours=[[-1, 0, 35, 34, 33, 4, 6, 5, 3, 2, -1], [-1, 8, 11, 15, 23, 16, 22, 21, 17, 18, 12, 14, 13, -1], [-1, 1, 26, 31, 28, 19, 25, 10, 24, 29, 30, 32, 9, 7, -1], [-1, 20, 27, -1]]
	tour_lengths=[1.876170681100581, 3.1991377816638695, 4.37911746632662, 1.8807493984814525]
	beginService=[0.0, 0.25946585683707507, 0.22395160411940412, 47.075053446589735, 46.596273780548074, 40.65277777777777, 45.875, 41.55555555555555, 63.588696585799354, 5.25, 63.091044476148724, 36.31944444444444, 5.917052171907222, 45.497099498719145, 47.34967123215158, 46.441543943163595, 13.430555555555555, 29.041666666666664, 44.308849015133575, 44.806501124784205, 10.009831861846935, 2.833333333333333, 43.64179684322636, 42.95833333333333, 14.083333333333332, 59.388888888888886, 10.684846795704411, 0.684538793843965, 54.041666666666664, 8.101170433992525, 60.31662137480483, 60.822220322546954, 6.875, 62.18333143365807, 38.43055555555555, 1.8034651248602172, 0.8811995104514277, 0.0, 0.0, 0.0, 0.0, 0.0, 0.0, 0.0, 0.0, 0.0, 0.0, 0.0, 0.0, 0.0, 0.0, 0.0, 0.0, 0.0, 0.0, 0.0, 0.0, 0.0, 0.0, 0.0, 0.0, 0.0, 0.0, 0.0, 0.0]
	usedVehicles=4
	currentTime=[47.075053446589735, 47.34967123215158, 63.588696585799354, 54.041666666666664]
	currentQuantity=[20.0, 20.0, 20.0, 5.0]
	total_tour_length=11.335175327572522
	costObjectives=[11.335175327572522, 2.502946785226039]
}

24:

Ant{
	tours=[[-1, 0, 35, 34, 33, 4, 6, 5, 3, 2, -1], [-1, 8, 11, 15, 23, 16, 22, 21, 17, 18, 12, 14, 13, -1], [-1, 1, 26, 31, 28, 19, 10, 24, 25, 29, 30, 32, 9, 7, -1], [-1, 20, 27, -1]]
	tour_lengths=[1.876170681100581, 3.1991377816638695, 4.215967306126802, 1.8807493984814525]
	beginService=[0.0, 0.25946585683707507, 0.22395160411940412, 47.075053446589735, 46.596273780548074, 40.65277777777777, 45.875, 41.55555555555555, 64.04152850177528, 5.25, 63.54387639212465, 36.31944444444444, 5.917052171907222, 45.497099498719145, 47.34967123215158, 46.441543943163595, 13.430555555555555, 29.041666666666664, 44.308849015133575, 44.806501124784205, 10.009831861846935, 2.833333333333333, 43.64179684322636, 42.95833333333333, 14.083333333333332, 59.388888888888886, 59.916666666666664, 0.684538793843965, 54.041666666666664, 8.101170433992525, 60.76945329078076, 61.27505223852288, 6.875, 62.636163349633996, 38.43055555555555, 1.8034651248602172, 0.8811995104514277, 0.0, 0.0, 0.0, 0.0, 0.0, 0.0, 0.0, 0.0, 0.0, 0.0, 0.0, 0.0, 0.0, 0.0, 0.0, 0.0, 0.0, 0.0, 0.0, 0.0, 0.0, 0.0, 0.0, 0.0, 0.0, 0.0, 0.0, 0.0]
	usedVehicles=4
	currentTime=[47.075053446589735, 47.34967123215158, 64.04152850177528, 54.041666666666664]
	currentQuantity=[20.0, 20.0, 20.0, 5.0]
	total_tour_length=11.172025167372706
	costObjectives=[11.172025167372706, 2.339796625026221]
}

25:

Ant{
	tours=[[-1, 7, 8, 9, 11, 18, 17, 21, 19, 23, 15, 16, 22, 25, 24, -1], [-1, 0, 31, 28, 27, 29, 30, 32, 26, 1, 34, 35, -1], [-1, 2, 4, 6, 10, 3, 5, 14, 13, 12, -1], [-1, 20, 33, -1]]
	tour_lengths=[2.526894343656796, 2.782754546856771, 2.941728207048603, 2.115860695441745]
	beginService=[0.0, 0.25946585683707507, 58.24349374545374, 0.2222222222222222, 43.20833333333333, 1.3917699565808388, 45.875, 38.43055555555555, 0.1416394309331329, 5.25, 5.736111111111112, 40.51388888888888, 6.447405603272173, 48.77564254618187, 47.83383352290539, 46.9257062339174, 15.736111111111109, 29.041666666666664, 8.414660328212273, 7.917008218561644, 9.553934722341715, 2.833333333333333, 9.081712500119494, 42.95833333333333, 13.833333333333332, 59.388888888888886, 43.41666666666666, 57.36623988906251, 54.041666666666664, 8.101170433992525, 54.863260548253145, 55.36885949599527, 6.875, 56.72997060710638, 38.43055555555555, 58.99923140144634, 60.338163682521795, 0.0, 0.0, 0.0, 0.0, 0.0, 0.0, 0.0, 0.0, 0.0, 0.0, 0.0, 0.0, 0.0, 0.0, 0.0, 0.0, 0.0, 0.0, 0.0, 0.0, 0.0, 0.0, 0.0, 0.0, 0.0, 0.0, 0.0, 0.0]
	usedVehicles=4
	currentTime=[59.388888888888886, 60.338163682521795, 48.77564254618187, 38.43055555555555]
	currentQuantity=[20.0, 20.0, 17.0, 8.0]
	total_tour_length=10.367237793003914
	costObjectives=[10.367237793003914, 0.8258675116068579]
}

26:

Ant{
	tours=[[-1, 0, 35, 34, 31, 28, 27, 29, 30, 32, 26, 1, -1], [-1, 8, 11, 15, 23, 16, 22, 21, 17, 18, 12, 14, 13, -1], [-1, 7, 9, 20, 19, 10, 3, 5, 4, 2, 24, 25, -1], [-1, 33, 6, -1]]
	tour_lengths=[2.463254817192044, 3.1991377816638695, 3.432903349530543, 1.7822627093986927]
	beginService=[0.0, 0.25946585683707507, 58.24349374545374, 47.502881067691945, 43.20833333333333, 46.33333333333333, 45.875, 40.722222222222214, 0.1416394309331329, 5.25, 1.0559582072504288, 36.31944444444444, 5.917052171907222, 45.497099498719145, 47.34967123215158, 46.441543943163595, 13.430555555555555, 29.041666666666664, 44.308849015133575, 44.806501124784205, 7.680555555555555, 2.833333333333333, 43.64179684322636, 42.95833333333333, 14.083333333333332, 59.388888888888886, 59.916666666666664, 57.36623988906251, 54.041666666666664, 8.101170433992525, 54.863260548253145, 55.36885949599527, 6.875, 56.72997060710638, 38.43055555555555, 1.8034651248602172, 0.8811995104514277, 0.0, 0.0, 0.0, 0.0, 0.0, 0.0, 0.0, 0.0, 0.0, 0.0, 0.0, 0.0, 0.0, 0.0, 0.0, 0.0, 0.0, 0.0, 0.0, 0.0, 0.0, 0.0, 0.0, 0.0, 0.0, 0.0, 0.0, 0.0]
	usedVehicles=4
	currentTime=[58.24349374545374, 47.34967123215158, 59.916666666666664, 40.722222222222214]
	currentQuantity=[20.0, 20.0, 17.0, 8.0]
	total_tour_length=10.877558657785148
	costObjectives=[10.877558657785148, 1.6506406401318505]
}

27:

Ant{
	tours=[[-1, 7, 8, 11, 18, 17, 19, 25, 31, 23, 15, 16, 22, 21, -1], [-1, 0, 35, 34, 33, 4, 6, 5, 3, 26, -1], [-1, 2, 1, 10, 14, 13, 12, 9, 27, 24, 29, 30, 32, -1], [-1, 20, 28, -1]]
	tour_lengths=[3.2803990712603883, 1.9309148146128718, 3.8928756609120105, 1.828867415437586]
	beginService=[0.0, 0.25946585683707507, 1.083333333333333, 0.2222222222222222, 46.596273780548074, 40.65277777777777, 45.875, 41.55555555555555, 0.1416394309331329, 5.25, 48.83220135286608, 36.31944444444444, 5.917052171907222, 47.72493631226447, 46.783127288987984, 45.875, 15.736111111111109, 29.041666666666664, 7.884306896847322, 7.386654787196693, 8.585949737523476, 2.833333333333333, 43.64179684322636, 42.95833333333333, 13.833333333333332, 59.388888888888886, 9.260964671380952, 47.132417187034775, 54.041666666666664, 5.183948458458063, 60.31662137480483, 60.822220322546954, 10.062782022043786, 62.18333143365807, 38.43055555555555, 1.8034651248602172, 0.8811995104514277, 0.0, 0.0, 0.0, 0.0, 0.0, 0.0, 0.0, 0.0, 0.0, 0.0, 0.0, 0.0, 0.0, 0.0, 0.0, 0.0, 0.0, 0.0, 0.0, 0.0, 0.0, 0.0, 0.0, 0.0, 0.0, 0.0, 0.0, 0.0]
	usedVehicles=4
	currentTime=[43.64179684322636, 47.132417187034775, 62.18333143365807, 5.183948458458063]
	currentQuantity=[20.0, 20.0, 18.0, 7.0]
	total_tour_length=10.933056962222857
	costObjectives=[10.933056962222857, 2.0640082454744246]
}

28:

Ant{
	tours=[[-1, 0, 35, 34, 31, 28, 27, 29, 30, 32, 26, 1, -1], [-1, 8, 11, 15, 23, 16, 22, 21, 25, 17, 24, 18, 12, 13, -1], [-1, 2, 4, 6, 10, 33, 3, 5, 9, 7, 14, -1], [-1, 20, 19, -1]]
	tour_lengths=[2.463254817192044, 3.9546253950012535, 4.016764162908361, 1.0007930039710584]
	beginService=[0.0, 0.25946585683707507, 58.24349374545374, 0.2222222222222222, 43.77736332715166, 1.3917699565808388, 45.875, 38.43055555555555, 47.208063593864, 5.25, 46.71041148421337, 40.51388888888888, 5.917052171907222, 60.78248070904727, 61.724289732323754, 48.46925586610704, 13.430555555555555, 29.041666666666664, 45.116980224276304, 60.09188233511233, 7.680555555555555, 2.833333333333333, 43.64179684322636, 42.95833333333333, 14.083333333333332, 59.388888888888886, 44.35309133538742, 57.36623988906251, 54.041666666666664, 8.101170433992525, 54.863260548253145, 55.36885949599527, 6.875, 56.72997060710638, 41.681712071277204, 1.8034651248602172, 0.8811995104514277, 0.0, 0.0, 0.0, 0.0, 0.0, 0.0, 0.0, 0.0, 0.0, 0.0, 0.0, 0.0, 0.0, 0.0, 0.0, 0.0, 0.0, 0.0, 0.0, 0.0, 0.0, 0.0, 0.0, 0.0, 0.0, 0.0, 0.0, 0.0]
	usedVehicles=4
	currentTime=[58.24349374545374, 61.724289732323754, 48.46925586610704, 7.680555555555555]
	currentQuantity=[20.0, 20.0, 20.0, 5.0]
	total_tour_length=11.435437379072717
	costObjectives=[11.435437379072717, 3.0159711589373024]
}

29:

Ant{
	tours=[[-1, 8, 9, 10, 14, 13, 12, 18, 17, 21, 24, 25, 29, 30, 32, 0, -1], [-1, 23, 15, 16, 22, 3, 5, 4, 1, 34, 35, 26, 27, -1], [-1, 2, 7, 20, 19, 28, 31, 33, -1], [-1, 11, 6, -1]]
	tour_lengths=[2.91911296773173, 4.137545785081312, 3.086829259940991, 1.6393303837450135]
	beginService=[0.0, 63.288941127411775, 47.5207652439995, 0.2222222222222222, 43.9550170282728, 46.33333333333333, 45.875, 38.43055555555555, 1.2945090351956283, 5.25, 5.736111111111112, 36.31944444444444, 2.5, 47.72493631226447, 46.783127288987984, 45.875, 15.736111111111109, 29.041666666666664, 49.32985346251671, 48.83220135286608, 7.680555555555555, 2.833333333333333, 49.996905634423925, 42.95833333333333, 13.833333333333332, 59.388888888888886, 59.916666666666664, 50.676563229218345, 54.041666666666664, 8.755883650076631, 60.76945329078076, 61.27505223852288, 10.398720750735825, 62.636163349633996, 38.43055555555555, 48.276502899992096, 49.615435181067554, 0.0, 0.0, 0.0, 0.0, 0.0, 0.0, 0.0, 0.0, 0.0, 0.0, 0.0, 0.0, 0.0, 0.0, 0.0, 0.0, 0.0, 0.0, 0.0, 0.0, 0.0, 0.0, 0.0, 0.0, 0.0, 0.0, 0.0, 0.0]
	usedVehicles=4
	currentTime=[63.288941127411775, 54.041666666666664, 38.43055555555555, 38.43055555555555]
	currentQuantity=[20.0, 20.0, 18.0, 7.0]
	total_tour_length=11.782818396499048
	costObjectives=[11.782818396499048, 2.4982154013362985]
}

30:

Ant{
	tours=[[-1, 7, 8, 11, 18, 17, 21, 19, 25, 31, 23, 15, 16, 22, -1], [-1, 0, 35, 34, 33, 4, 6, 5, 3, 2, -1], [-1, 1, 26, 30, 28, 29, 32, 13, 12, 10, 9, 14, 27, -1], [-1, 20, 24, -1]]
	tour_lengths=[2.8582279966134427, 1.876170681100581, 5.0830580025836944, 0.9920405059573639]
	beginService=[0.0, 0.25946585683707507, 0.22395160411940412, 47.075053446589735, 46.596273780548074, 40.65277777777777, 45.875, 41.55555555555555, 0.1416394309331329, 5.25, 36.80555555555555, 36.31944444444444, 5.917052171907222, 8.194658571671829, 7.252849548395347, 45.875, 15.736111111111109, 29.041666666666664, 7.884306896847322, 7.386654787196693, 9.023581290976765, 2.833333333333333, 8.551359068754543, 42.95833333333333, 13.833333333333332, 59.388888888888886, 9.69859622483424, 0.684538793843965, 54.041666666666664, 3.8055555555555554, 5.386857234496571, 1.8447777465089596, 10.500413575497074, 5.984079456718793, 38.43055555555555, 1.8034651248602172, 0.8811995104514277, 0.0, 0.0, 0.0, 0.0, 0.0, 0.0, 0.0, 0.0, 0.0, 0.0, 0.0, 0.0, 0.0, 0.0, 0.0, 0.0, 0.0, 0.0, 0.0, 0.0, 0.0, 0.0, 0.0, 0.0, 0.0, 0.0, 0.0, 0.0]
	usedVehicles=4
	currentTime=[42.95833333333333, 47.075053446589735, 54.041666666666664, 59.388888888888886]
	currentQuantity=[20.0, 20.0, 20.0, 5.0]
	total_tour_length=10.809497186255083
	costObjectives=[10.809497186255083, 4.09101749662633]
}

31:

Ant{
	tours=[[-1, 0, 35, 34, 31, 28, 27, 29, 30, 32, 26, 1, -1], [-1, 8, 11, 15, 23, 16, 22, 21, 18, 12, 13, 14, 17, -1], [-1, 7, 9, 20, 19, 10, 3, 5, 4, 2, 24, 25, -1], [-1, 33, 6, -1]]
	tour_lengths=[2.463254817192044, 3.4158053484227016, 3.432903349530543, 1.7822627093986927]
	beginService=[0.0, 0.25946585683707507, 58.24349374545374, 47.502881067691945, 43.20833333333333, 46.33333333333333, 45.875, 40.722222222222214, 0.1416394309331329, 5.25, 1.0559582072504288, 36.31944444444444, 5.917052171907222, 45.08036356276898, 46.022172586045464, 46.93029987503345, 13.430555555555555, 29.041666666666664, 48.2048104354298, 44.38976518883404, 7.680555555555555, 2.833333333333333, 43.64179684322636, 42.95833333333333, 14.083333333333332, 59.388888888888886, 59.916666666666664, 57.36623988906251, 54.041666666666664, 8.101170433992525, 54.863260548253145, 55.36885949599527, 6.875, 56.72997060710638, 38.43055555555555, 1.8034651248602172, 0.8811995104514277, 0.0, 0.0, 0.0, 0.0, 0.0, 0.0, 0.0, 0.0, 0.0, 0.0, 0.0, 0.0, 0.0, 0.0, 0.0, 0.0, 0.0, 0.0, 0.0, 0.0, 0.0, 0.0, 0.0, 0.0, 0.0, 0.0, 0.0, 0.0]
	usedVehicles=4
	currentTime=[58.24349374545374, 48.2048104354298, 59.916666666666664, 40.722222222222214]
	currentQuantity=[20.0, 20.0, 17.0, 8.0]
	total_tour_length=11.09422622454398
	costObjectives=[11.09422622454398, 1.6506406401318505]
}

32:

Ant{
	tours=[[-1, 8, 11, 18, 17, 21, 19, 25, 31, 23, 15, 16, 22, 24, 29, -1], [-1, 7, 9, 26, 32, 30, 28, 27, 34, 35, 0, 1, -1], [-1, 2, 4, 6, 10, 3, 5, 14, 13, 12, -1], [-1, 20, 33, -1]]
	tour_lengths=[3.5699102863083527, 2.7030329198317946, 2.941728207048603, 2.115860695441745]
	beginService=[0.0, 57.61207842687723, 58.07882219459201, 0.2222222222222222, 43.20833333333333, 1.3917699565808388, 45.875, 38.43055555555555, 0.1416394309331329, 5.25, 1.0559582072504288, 40.51388888888888, 5.917052171907222, 48.77564254618187, 47.83383352290539, 46.9257062339174, 15.736111111111109, 29.041666666666664, 7.884306896847322, 7.386654787196693, 9.023581290976765, 2.833333333333333, 8.551359068754543, 42.95833333333333, 13.833333333333332, 59.388888888888886, 9.69859622483424, 1.7831898707920661, 54.041666666666664, 5.033798498799063, 60.31662137480483, 3.363903597192648, 10.500413575497074, 2.83612581941487, 38.43055555555555, 55.234745825520754, 56.57367810659621, 0.0, 0.0, 0.0, 0.0, 0.0, 0.0, 0.0, 0.0, 0.0, 0.0, 0.0, 0.0, 0.0, 0.0, 0.0, 0.0, 0.0, 0.0, 0.0, 0.0, 0.0, 0.0, 0.0, 0.0, 0.0, 0.0, 0.0, 0.0]
	usedVehicles=4
	currentTime=[60.31662137480483, 58.07882219459201, 48.77564254618187, 38.43055555555555]
	currentQuantity=[20.0, 20.0, 17.0, 8.0]
	total_tour_length=11.330532108630495
	costObjectives=[11.330532108630495, 1.4540495908666076]
}

33:

Ant{
	tours=[[-1, 0, 35, 34, 33, 4, 6, 5, 3, 2, -1], [-1, 8, 11, 15, 23, 22, 21, 17, 18, 12, 14, 13, 9, -1], [-1, 1, 32, 31, 28, 19, 25, 16, 10, 24, 29, 30, 26, 7, -1], [-1, 20, 27, -1]]
	tour_lengths=[1.876170681100581, 2.8572686572969648, 4.4076242632078815, 1.8807493984814525]
	beginService=[0.0, 0.25946585683707507, 0.22395160411940412, 47.075053446589735, 46.596273780548074, 40.65277777777777, 45.875, 41.55555555555555, 63.508145848007494, 5.25, 48.564380404866746, 36.31944444444444, 5.917052171907222, 45.497099498719145, 47.34967123215158, 46.441543943163595, 13.430555555555555, 29.041666666666664, 44.308849015133575, 44.806501124784205, 10.009831861846935, 2.833333333333333, 43.64179684322636, 42.95833333333333, 14.083333333333332, 59.388888888888886, 10.684846795704411, 62.399125941878616, 54.041666666666664, 8.101170433992525, 60.31662137480483, 60.822220322546954, 6.875, 0.9041414091334358, 38.43055555555555, 1.8034651248602172, 0.8811995104514277, 0.0, 0.0, 0.0, 0.0, 0.0, 0.0, 0.0, 0.0, 0.0, 0.0, 0.0, 0.0, 0.0, 0.0, 0.0, 0.0, 0.0, 0.0, 0.0, 0.0, 0.0, 0.0, 0.0, 0.0, 0.0, 0.0, 0.0, 0.0]
	usedVehicles=4
	currentTime=[47.075053446589735, 48.564380404866746, 63.508145848007494, 54.041666666666664]
	currentQuantity=[20.0, 20.0, 20.0, 5.0]
	total_tour_length=11.02181300008688
	costObjectives=[11.02181300008688, 2.5314535821073005]
}

34:

Ant{
	tours=[[-1, 2, 8, 11, 15, 23, 25, 16, 22, 24, 21, 17, 18, 12, -1], [-1, 1, 26, 31, 28, 27, 29, 30, 32, 34, 35, 0, -1], [-1, 7, 9, 20, 19, 10, 3, 5, 4, 14, 13, -1], [-1, 33, 6, -1]]
	tour_lengths=[3.4190498696755083, 2.4836671240305077, 3.4251549388062164, 1.7822627093986927]
	beginService=[0.0, 59.80313308682732, 0.22395160411940412, 0.2222222222222222, 43.20833333333333, 46.33333333333333, 45.875, 40.722222222222214, 0.1416394309331329, 5.25, 1.0559582072504288, 36.31944444444444, 5.917052171907222, 61.890760229898994, 48.72993153426969, 47.821804245281704, 13.430555555555555, 29.041666666666664, 60.702509746313424, 61.200161855964055, 7.680555555555555, 2.833333333333333, 60.0354575744062, 42.95833333333333, 14.083333333333332, 59.388888888888886, 15.8950042570682, 0.684538793843965, 54.041666666666664, 8.101170433992525, 54.863260548253145, 55.36885949599527, 6.875, 56.72997060710638, 38.43055555555555, 57.425800485470845, 58.7647327665463, 0.0, 0.0, 0.0, 0.0, 0.0, 0.0, 0.0, 0.0, 0.0, 0.0, 0.0, 0.0, 0.0, 0.0, 0.0, 0.0, 0.0, 0.0, 0.0, 0.0, 0.0, 0.0, 0.0, 0.0, 0.0, 0.0, 0.0, 0.0]
	usedVehicles=4
	currentTime=[61.890760229898994, 59.80313308682732, 48.72993153426969, 40.722222222222214]
	currentQuantity=[20.0, 20.0, 17.0, 8.0]
	total_tour_length=11.110134641910925
	costObjectives=[11.110134641910925, 1.6428922294075237]
}

35:

Ant{
	tours=[[-1, 8, 9, 10, 14, 13, 12, 18, 17, 24, 21, 25, 29, 30, 32, 0, -1], [-1, 23, 15, 16, 22, 3, 5, 4, 1, 34, 35, 26, 27, -1], [-1, 2, 7, 20, 19, 28, 31, 33, -1], [-1, 11, 6, -1]]
	tour_lengths=[3.08835528798557, 4.137545785081312, 3.086829259940991, 1.6393303837450135]
	beginService=[0.0, 64.11902652731237, 47.5207652439995, 0.2222222222222222, 43.9550170282728, 46.33333333333333, 45.875, 38.43055555555555, 1.2945090351956283, 5.25, 5.736111111111112, 36.31944444444444, 2.5, 47.72493631226447, 46.783127288987984, 45.875, 15.736111111111109, 29.041666666666664, 49.32985346251671, 48.83220135286608, 7.680555555555555, 2.833333333333333, 60.0354575744062, 42.95833333333333, 13.833333333333332, 59.388888888888886, 60.74675206656726, 50.676563229218345, 54.041666666666664, 8.755883650076631, 61.59953869068136, 62.10513763842348, 10.398720750735825, 63.46624874953459, 38.43055555555555, 48.276502899992096, 49.615435181067554, 0.0, 0.0, 0.0, 0.0, 0.0, 0.0, 0.0, 0.0, 0.0, 0.0, 0.0, 0.0, 0.0, 0.0, 0.0, 0.0, 0.0, 0.0, 0.0, 0.0, 0.0, 0.0, 0.0, 0.0, 0.0, 0.0, 0.0, 0.0]
	usedVehicles=4
	currentTime=[64.11902652731237, 54.041666666666664, 38.43055555555555, 38.43055555555555]
	currentQuantity=[20.0, 20.0, 18.0, 7.0]
	total_tour_length=11.952060716752888
	costObjectives=[11.952060716752888, 2.4982154013362985]
}

36:

Ant{
	tours=[[-1, 0, 35, 34, 31, 28, 27, 29, 30, 32, 26, 1, -1], [-1, 8, 11, 15, 23, 16, 18, 10, 3, 5, 4, 2, 9, 24, -1], [-1, 7, 20, 19, 25, 21, 17, 22, 14, 13, 12, -1], [-1, 33, 6, -1]]
	tour_lengths=[2.463254817192044, 3.7484416972948713, 3.1687892552820975, 1.7822627093986927]
	beginService=[0.0, 0.25946585683707507, 58.24349374545374, 47.502881067691945, 43.20833333333333, 46.33333333333333, 45.875, 40.722222222222214, 0.1416394309331329, 5.25, 48.59456266821609, 36.31944444444444, 5.917052171907222, 47.72493631226447, 46.783127288987984, 45.875, 13.430555555555555, 29.041666666666664, 9.733917153481313, 29.57781007315337, 7.680555555555555, 2.833333333333333, 9.066864981574092, 42.95833333333333, 14.083333333333332, 59.388888888888886, 8.355570489413031, 57.36623988906251, 54.041666666666664, 8.101170433992525, 54.863260548253145, 55.36885949599527, 6.875, 56.72997060710638, 38.43055555555555, 1.8034651248602172, 0.8811995104514277, 0.0, 0.0, 0.0, 0.0, 0.0, 0.0, 0.0, 0.0, 0.0, 0.0, 0.0, 0.0, 0.0, 0.0, 0.0, 0.0, 0.0, 0.0, 0.0, 0.0, 0.0, 0.0, 0.0, 0.0, 0.0, 0.0, 0.0, 0.0]
	usedVehicles=4
	currentTime=[58.24349374545374, 59.388888888888886, 47.72493631226447, 40.722222222222214]
	currentQuantity=[20.0, 20.0, 17.0, 8.0]
	total_tour_length=11.162748479167705
	costObjectives=[11.162748479167705, 1.9661789878961786]
}

37:

Ant{
	tours=[[-1, 0, 35, 34, 33, 4, 6, 5, 3, 2, -1], [-1, 8, 11, 15, 23, 16, 22, 21, 17, 18, 12, 14, 13, -1], [-1, 1, 26, 31, 28, 19, 10, 24, 25, 29, 30, 32, 9, 7, -1], [-1, 20, 27, -1]]
	tour_lengths=[1.876170681100581, 3.1991377816638695, 4.215967306126802, 1.8807493984814525]
	beginService=[0.0, 0.25946585683707507, 0.22395160411940412, 47.075053446589735, 46.596273780548074, 40.65277777777777, 45.875, 41.55555555555555, 64.04152850177528, 5.25, 63.54387639212465, 36.31944444444444, 5.917052171907222, 45.497099498719145, 47.34967123215158, 46.441543943163595, 13.430555555555555, 29.041666666666664, 44.308849015133575, 44.806501124784205, 10.009831861846935, 2.833333333333333, 43.64179684322636, 42.95833333333333, 14.083333333333332, 59.388888888888886, 59.916666666666664, 0.684538793843965, 54.041666666666664, 8.101170433992525, 60.76945329078076, 61.27505223852288, 6.875, 62.636163349633996, 38.43055555555555, 1.8034651248602172, 0.8811995104514277, 0.0, 0.0, 0.0, 0.0, 0.0, 0.0, 0.0, 0.0, 0.0, 0.0, 0.0, 0.0, 0.0, 0.0, 0.0, 0.0, 0.0, 0.0, 0.0, 0.0, 0.0, 0.0, 0.0, 0.0, 0.0, 0.0, 0.0, 0.0]
	usedVehicles=4
	currentTime=[47.075053446589735, 47.34967123215158, 64.04152850177528, 54.041666666666664]
	currentQuantity=[20.0, 20.0, 20.0, 5.0]
	total_tour_length=11.172025167372706
	costObjectives=[11.172025167372706, 2.339796625026221]
}

38:

Ant{
	tours=[[-1, 0, 35, 34, 31, 28, 27, 29, 30, 32, 26, 1, -1], [-1, 8, 11, 15, 23, 16, 22, 21, 17, 18, 12, 14, 13, -1], [-1, 2, 4, 6, 10, 33, 3, 5, 7, 9, 24, 25, -1], [-1, 20, 19, -1]]
	tour_lengths=[2.463254817192044, 3.1991377816638695, 3.968964670648118, 1.0007930039710584]
	beginService=[0.0, 0.25946585683707507, 58.24349374545374, 0.2222222222222222, 43.77736332715166, 1.3917699565808388, 45.875, 38.43055555555555, 46.76327574573193, 5.25, 47.67759452204923, 40.51388888888888, 5.917052171907222, 45.497099498719145, 47.34967123215158, 46.441543943163595, 13.430555555555555, 29.041666666666664, 44.308849015133575, 44.806501124784205, 7.680555555555555, 2.833333333333333, 43.64179684322636, 42.95833333333333, 14.083333333333332, 59.388888888888886, 59.916666666666664, 57.36623988906251, 54.041666666666664, 8.101170433992525, 54.863260548253145, 55.36885949599527, 6.875, 56.72997060710638, 41.681712071277204, 1.8034651248602172, 0.8811995104514277, 0.0, 0.0, 0.0, 0.0, 0.0, 0.0, 0.0, 0.0, 0.0, 0.0, 0.0, 0.0, 0.0, 0.0, 0.0, 0.0, 0.0, 0.0, 0.0, 0.0, 0.0, 0.0, 0.0, 0.0, 0.0, 0.0, 0.0, 0.0]
	usedVehicles=4
	currentTime=[58.24349374545374, 47.34967123215158, 59.916666666666664, 7.680555555555555]
	currentQuantity=[20.0, 20.0, 20.0, 5.0]
	total_tour_length=10.632150273475089
	costObjectives=[10.632150273475089, 2.9681716666770597]
}

39:

Ant{
	tours=[[-1, 0, 35, 34, 31, 28, 27, 29, 30, 32, 26, 1, -1], [-1, 8, 11, 15, 23, 16, 22, 21, 17, 18, 12, 14, 13, -1], [-1, 2, 7, 9, 20, 19, 10, 3, 5, 4, 24, 25, -1], [-1, 33, 6, -1]]
	tour_lengths=[2.463254817192044, 3.1991377816638695, 3.7242521064181107, 1.7822627093986927]
	beginService=[0.0, 0.25946585683707507, 58.24349374545374, 0.2222222222222222, 43.20833333333333, 46.33333333333333, 45.875, 40.722222222222214, 1.2945090351956283, 5.25, 2.208827811512924, 36.31944444444444, 5.917052171907222, 45.497099498719145, 47.34967123215158, 46.441543943163595, 13.430555555555555, 29.041666666666664, 44.308849015133575, 44.806501124784205, 7.680555555555555, 3.2188280716044186, 43.64179684322636, 42.95833333333333, 14.083333333333332, 59.388888888888886, 59.916666666666664, 57.36623988906251, 54.041666666666664, 8.101170433992525, 54.863260548253145, 55.36885949599527, 6.875, 56.72997060710638, 38.43055555555555, 1.8034651248602172, 0.8811995104514277, 0.0, 0.0, 0.0, 0.0, 0.0, 0.0, 0.0, 0.0, 0.0, 0.0, 0.0, 0.0, 0.0, 0.0, 0.0, 0.0, 0.0, 0.0, 0.0, 0.0, 0.0, 0.0, 0.0, 0.0, 0.0, 0.0, 0.0, 0.0]
	usedVehicles=4
	currentTime=[58.24349374545374, 47.34967123215158, 59.916666666666664, 40.722222222222214]
	currentQuantity=[20.0, 20.0, 17.0, 8.0]
	total_tour_length=11.168907414672715
	costObjectives=[11.168907414672715, 1.941989397019418]
}

40:

Ant{
	tours=[[-1, 0, 35, 34, 33, 4, 6, 5, 3, 2, -1], [-1, 8, 11, 15, 23, 16, 22, 21, 17, 18, 12, 14, 13, -1], [-1, 1, 26, 31, 28, 19, 25, 10, 24, 29, 30, 32, 9, 7, -1], [-1, 20, 27, -1]]
	tour_lengths=[1.876170681100581, 3.1991377816638695, 4.37911746632662, 1.8807493984814525]
	beginService=[0.0, 0.25946585683707507, 0.22395160411940412, 47.075053446589735, 46.596273780548074, 40.65277777777777, 45.875, 41.55555555555555, 63.588696585799354, 5.25, 63.091044476148724, 36.31944444444444, 5.917052171907222, 45.497099498719145, 47.34967123215158, 46.441543943163595, 13.430555555555555, 29.041666666666664, 44.308849015133575, 44.806501124784205, 10.009831861846935, 2.833333333333333, 43.64179684322636, 42.95833333333333, 14.083333333333332, 59.388888888888886, 10.684846795704411, 0.684538793843965, 54.041666666666664, 8.101170433992525, 60.31662137480483, 60.822220322546954, 6.875, 62.18333143365807, 38.43055555555555, 1.8034651248602172, 0.8811995104514277, 0.0, 0.0, 0.0, 0.0, 0.0, 0.0, 0.0, 0.0, 0.0, 0.0, 0.0, 0.0, 0.0, 0.0, 0.0, 0.0, 0.0, 0.0, 0.0, 0.0, 0.0, 0.0, 0.0, 0.0, 0.0, 0.0, 0.0, 0.0]
	usedVehicles=4
	currentTime=[47.075053446589735, 47.34967123215158, 63.588696585799354, 54.041666666666664]
	currentQuantity=[20.0, 20.0, 20.0, 5.0]
	total_tour_length=11.335175327572522
	costObjectives=[11.335175327572522, 2.502946785226039]
}

41:

Ant{
	tours=[[-1, 0, 35, 34, 31, 28, 27, 29, 30, 32, 26, 1, -1], [-1, 8, 11, 15, 23, 16, 22, 21, 17, 18, 7, 3, 5, 4, -1], [-1, 2, 9, 12, 13, 20, 19, 10, 14, 24, 25, -1], [-1, 33, 6, -1]]
	tour_lengths=[2.463254817192044, 3.588392300272409, 3.568334498645383, 1.7822627093986927]
	beginService=[0.0, 0.25946585683707507, 58.24349374545374, 0.2222222222222222, 46.576192246315614, 47.75579936019702, 47.29746602686369, 40.722222222222214, 45.469279529599056, 5.25, 1.3139038227463646, 36.31944444444444, 5.917052171907222, 2.004502196681309, 2.94631121995779, 45.875, 13.430555555555555, 29.041666666666664, 44.308849015133575, 44.806501124784205, 7.680555555555555, 4.411398187488021, 43.64179684322636, 42.95833333333333, 14.083333333333332, 59.388888888888886, 59.916666666666664, 57.36623988906251, 54.041666666666664, 8.101170433992525, 54.863260548253145, 55.36885949599527, 6.875, 56.72997060710638, 38.43055555555555, 1.8034651248602172, 0.8811995104514277, 0.0, 0.0, 0.0, 0.0, 0.0, 0.0, 0.0, 0.0, 0.0, 0.0, 0.0, 0.0, 0.0, 0.0, 0.0, 0.0, 0.0, 0.0, 0.0, 0.0, 0.0, 0.0, 0.0, 0.0, 0.0, 0.0, 0.0, 0.0]
	usedVehicles=4
	currentTime=[58.24349374545374, 47.75579936019702, 59.916666666666664, 40.722222222222214]
	currentQuantity=[20.0, 20.0, 17.0, 8.0]
	total_tour_length=11.402244325508528
	costObjectives=[11.402244325508528, 1.8061295908737163]
}

42:

Ant{
	tours=[[-1, 0, 35, 34, 33, 4, 6, 5, 3, 7, -1], [-1, 8, 11, 15, 23, 25, 16, 22, 21, 17, 18, 12, 14, 9, -1], [-1, 1, 2, 26, 31, 28, 19, 10, 24, 13, 29, 30, 32, -1], [-1, 20, 27, -1]]
	tour_lengths=[2.0070542738197226, 3.322850675379695, 4.927759530245118, 1.8807493984814525]
	beginService=[0.0, 0.25946585683707507, 0.22395160411940412, 0.6683960485638486, 46.596273780548074, 40.65277777777777, 45.875, 41.55555555555555, 47.28651983059796, 5.25, 47.64884705477016, 36.31944444444444, 5.917052171907222, 45.497099498719145, 60.41871500151789, 46.441543943163595, 13.430555555555555, 29.041666666666664, 44.308849015133575, 44.806501124784205, 10.009831861846935, 2.833333333333333, 43.64179684322636, 42.95833333333333, 14.083333333333332, 59.388888888888886, 15.8950042570682, 1.5725490973637484, 54.041666666666664, 8.101170433992525, 62.24634146424542, 62.75194041198754, 6.875, 64.11305152309865, 38.43055555555555, 1.8034651248602172, 0.8811995104514277, 0.0, 0.0, 0.0, 0.0, 0.0, 0.0, 0.0, 0.0, 0.0, 0.0, 0.0, 0.0, 0.0, 0.0, 0.0, 0.0, 0.0, 0.0, 0.0, 0.0, 0.0, 0.0, 0.0, 0.0, 0.0, 0.0, 0.0, 0.0]
	usedVehicles=4
	currentTime=[47.28651983059796, 47.64884705477016, 64.11305152309865, 54.041666666666664]
	currentQuantity=[20.0, 20.0, 20.0, 5.0]
	total_tour_length=12.138413877925988
	costObjectives=[12.138413877925988, 3.0470101317636655]
}

43:

Ant{
	tours=[[-1, 0, 35, 34, 31, 28, 27, 29, 30, 32, 26, 1, -1], [-1, 23, 15, 16, 22, 21, 17, 18, 12, 14, 13, 9, 7, 24, -1], [-1, 20, 8, 11, 19, 10, 3, 5, 4, 2, 25, -1], [-1, 33, 6, -1]]
	tour_lengths=[2.463254817192044, 2.909119583110049, 4.33422623833265, 1.7822627093986927]
	beginService=[0.0, 0.25946585683707507, 58.24349374545374, 47.502881067691945, 43.20833333333333, 46.33333333333333, 45.875, 40.722222222222214, 49.06203251451738, 5.25, 48.564380404866746, 36.31944444444444, 5.917052171907222, 45.497099498719145, 47.34967123215158, 46.441543943163595, 15.736111111111109, 29.041666666666664, 44.308849015133575, 44.806501124784205, 7.731050519247415, 2.833333333333333, 43.64179684322636, 42.95833333333333, 13.833333333333332, 59.388888888888886, 48.867816045719856, 57.36623988906251, 54.041666666666664, 8.101170433992525, 54.863260548253145, 55.36885949599527, 6.875, 56.72997060710638, 38.43055555555555, 1.8034651248602172, 0.8811995104514277, 0.0, 0.0, 0.0, 0.0, 0.0, 0.0, 0.0, 0.0, 0.0, 0.0, 0.0, 0.0, 0.0, 0.0, 0.0, 0.0, 0.0, 0.0, 0.0, 0.0, 0.0, 0.0, 0.0, 0.0, 0.0, 0.0, 0.0, 0.0]
	usedVehicles=4
	currentTime=[58.24349374545374, 59.388888888888886, 48.867816045719856, 40.722222222222214]
	currentQuantity=[20.0, 20.0, 17.0, 8.0]
	total_tour_length=11.488863348033435
	costObjectives=[11.488863348033435, 2.551963528933957]
}

44:

Ant{
	tours=[[-1, 0, 35, 34, 31, 28, 27, 29, 30, 32, 26, 1, -1], [-1, 8, 11, 15, 23, 16, 22, 21, 17, 18, 7, 3, 5, 4, -1], [-1, 2, 9, 12, 20, 19, 10, 14, 13, 24, 25, -1], [-1, 33, 6, -1]]
	tour_lengths=[2.463254817192044, 3.588392300272409, 3.4664649580167217, 1.7822627093986927]
	beginService=[0.0, 0.25946585683707507, 58.24349374545374, 0.2222222222222222, 46.576192246315614, 47.75579936019702, 47.29746602686369, 40.722222222222214, 45.469279529599056, 5.25, 1.3139038227463646, 36.31944444444444, 5.917052171907222, 2.004502196681309, 46.783127288987984, 45.875, 13.430555555555555, 29.041666666666664, 44.308849015133575, 44.806501124784205, 7.680555555555555, 3.447049757777456, 43.64179684322636, 42.95833333333333, 14.083333333333332, 59.388888888888886, 59.916666666666664, 57.36623988906251, 54.041666666666664, 8.101170433992525, 54.863260548253145, 55.36885949599527, 6.875, 56.72997060710638, 38.43055555555555, 1.8034651248602172, 0.8811995104514277, 0.0, 0.0, 0.0, 0.0, 0.0, 0.0, 0.0, 0.0, 0.0, 0.0, 0.0, 0.0, 0.0, 0.0, 0.0, 0.0, 0.0, 0.0, 0.0, 0.0, 0.0, 0.0, 0.0, 0.0, 0.0, 0.0, 0.0, 0.0]
	usedVehicles=4
	currentTime=[58.24349374545374, 47.75579936019702, 59.916666666666664, 40.722222222222214]
	currentQuantity=[20.0, 20.0, 17.0, 8.0]
	total_tour_length=11.300374784879867
	costObjectives=[11.300374784879867, 1.8061295908737163]
}

45:

Ant{
	tours=[[-1, 0, 35, 34, 31, 28, 27, 29, 30, 32, 26, 1, -1], [-1, 8, 11, 15, 23, 16, 22, 25, 21, 17, 18, 24, 13, 12, -1], [-1, 2, 4, 6, 10, 33, 3, 5, 9, 7, 14, -1], [-1, 20, 19, -1]]
	tour_lengths=[2.463254817192044, 3.7208509063688258, 4.016764162908361, 1.0007930039710584]
	beginService=[0.0, 0.25946585683707507, 58.24349374545374, 0.2222222222222222, 43.77736332715166, 1.3917699565808388, 45.875, 38.43055555555555, 47.208063593864, 5.25, 46.71041148421337, 40.51388888888888, 5.917052171907222, 61.36052402479437, 60.41871500151789, 48.46925586610704, 13.430555555555555, 29.041666666666664, 44.79501333073493, 45.29266544038556, 7.680555555555555, 2.833333333333333, 44.127961158827716, 42.95833333333333, 14.083333333333332, 59.388888888888886, 43.41666666666666, 57.36623988906251, 54.041666666666664, 8.101170433992525, 54.863260548253145, 55.36885949599527, 6.875, 56.72997060710638, 41.681712071277204, 1.8034651248602172, 0.8811995104514277, 0.0, 0.0, 0.0, 0.0, 0.0, 0.0, 0.0, 0.0, 0.0, 0.0, 0.0, 0.0, 0.0, 0.0, 0.0, 0.0, 0.0, 0.0, 0.0, 0.0, 0.0, 0.0, 0.0, 0.0, 0.0, 0.0, 0.0, 0.0]
	usedVehicles=4
	currentTime=[58.24349374545374, 61.36052402479437, 48.46925586610704, 7.680555555555555]
	currentQuantity=[20.0, 20.0, 20.0, 5.0]
	total_tour_length=11.20166289044029
	costObjectives=[11.20166289044029, 3.0159711589373024]
}

46:

Ant{
	tours=[[-1, 0, 35, 34, 33, 4, 6, 5, 3, 2, -1], [-1, 8, 11, 15, 23, 16, 21, 22, 25, 17, 18, 12, 14, 9, -1], [-1, 1, 26, 31, 28, 10, 27, 24, 13, 7, 29, 30, 32, -1], [-1, 20, 19, -1]]
	tour_lengths=[1.876170681100581, 3.285054728395626, 5.624065507306335, 1.0007930039710584]
	beginService=[0.0, 0.25946585683707507, 0.22395160411940412, 47.075053446589735, 46.596273780548074, 40.65277777777777, 45.875, 41.55555555555555, 61.67514684073255, 5.25, 47.520553595192126, 36.31944444444444, 5.917052171907222, 45.36880603914111, 60.41871500151789, 46.31325048358556, 13.430555555555555, 29.041666666666664, 44.18055555555554, 44.67820766520617, 7.680555555555555, 2.833333333333333, 29.68271520029727, 42.95833333333333, 14.083333333333332, 59.388888888888886, 43.41666666666666, 0.684538793843965, 54.041666666666664, 8.101170433992525, 63.09329970938331, 63.59889865712543, 6.875, 64.96000976823655, 38.43055555555555, 1.8034651248602172, 0.8811995104514277, 0.0, 0.0, 0.0, 0.0, 0.0, 0.0, 0.0, 0.0, 0.0, 0.0, 0.0, 0.0, 0.0, 0.0, 0.0, 0.0, 0.0, 0.0, 0.0, 0.0, 0.0, 0.0, 0.0, 0.0, 0.0, 0.0, 0.0, 0.0]
	usedVehicles=4
	currentTime=[47.075053446589735, 47.520553595192126, 64.96000976823655, 7.680555555555555]
	currentQuantity=[20.0, 20.0, 20.0, 5.0]
	total_tour_length=11.7860839207736
	costObjectives=[11.7860839207736, 4.623272503335276]
}

47:

Ant{
	tours=[[-1, 0, 35, 34, 33, 4, 6, 5, 3, 2, -1], [-1, 8, 11, 15, 23, 16, 22, 21, 17, 18, 12, 14, 13, -1], [-1, 7, 9, 31, 19, 10, 1, 26, 32, 30, 29, 27, 24, 25, -1], [-1, 20, 28, -1]]
	tour_lengths=[1.876170681100581, 3.1991377816638695, 4.288929806295027, 1.828867415437586]
	beginService=[0.0, 0.25946585683707507, 37.077732607673575, 47.075053446589735, 46.596273780548074, 40.65277777777777, 45.875, 41.55555555555555, 0.1416394309331329, 5.25, 1.0559582072504288, 36.31944444444444, 5.917052171907222, 45.497099498719145, 47.34967123215158, 46.441543943163595, 13.430555555555555, 29.041666666666664, 44.308849015133575, 44.806501124784205, 8.349181777503295, 2.833333333333333, 43.64179684322636, 42.95833333333333, 14.083333333333332, 59.388888888888886, 59.916666666666664, 37.53831979739813, 54.041666666666664, 5.183948458458063, 40.45796580487417, 39.11903352379871, 6.875, 38.591255746020934, 38.43055555555555, 1.8034651248602172, 0.8811995104514277, 0.0, 0.0, 0.0, 0.0, 0.0, 0.0, 0.0, 0.0, 0.0, 0.0, 0.0, 0.0, 0.0, 0.0, 0.0, 0.0, 0.0, 0.0, 0.0, 0.0, 0.0, 0.0, 0.0, 0.0, 0.0, 0.0, 0.0, 0.0]
	usedVehicles=4
	currentTime=[47.075053446589735, 47.34967123215158, 59.916666666666664, 5.183948458458063]
	currentQuantity=[20.0, 20.0, 18.0, 7.0]
	total_tour_length=11.193105684497063
	costObjectives=[11.193105684497063, 2.460062390857441]
}

48:

Ant{
	tours=[[-1, 7, 8, 11, 18, 17, 21, 19, 25, 31, 23, 15, 16, 22, -1], [-1, 0, 35, 34, 33, 4, 6, 5, 3, 2, -1], [-1, 1, 26, 32, 30, 28, 29, 10, 27, 24, 13, 12, 9, -1], [-1, 20, 14, -1]]
	tour_lengths=[2.8582279966134427, 1.876170681100581, 4.863732958076386, 1.7404345658540659]
	beginService=[0.0, 0.25946585683707507, 0.22395160411940412, 47.075053446589735, 46.596273780548074, 40.65277777777777, 45.875, 41.55555555555555, 0.1416394309331329, 5.25, 62.46778906539598, 36.31944444444444, 5.917052171907222, 61.36052402479437, 60.41871500151789, 45.875, 15.736111111111109, 29.041666666666664, 7.884306896847322, 7.386654787196693, 9.023581290976765, 2.833333333333333, 8.551359068754543, 42.95833333333333, 13.833333333333332, 59.388888888888886, 9.69859622483424, 0.684538793843965, 54.041666666666664, 3.935147421850963, 5.516449100791978, 2.265252520244547, 10.500413575497074, 1.737474742466769, 38.43055555555555, 1.8034651248602172, 0.8811995104514277, 0.0, 0.0, 0.0, 0.0, 0.0, 0.0, 0.0, 0.0, 0.0, 0.0, 0.0, 0.0, 0.0, 0.0, 0.0, 0.0, 0.0, 0.0, 0.0, 0.0, 0.0, 0.0, 0.0, 0.0, 0.0, 0.0, 0.0, 0.0]
	usedVehicles=4
	currentTime=[42.95833333333333, 47.075053446589735, 62.46778906539598, 45.875]
	currentQuantity=[20.0, 20.0, 19.0, 6.0]
	total_tour_length=11.338566201644475
	costObjectives=[11.338566201644475, 3.12329839222232]
}

49:

Ant{
	tours=[[-1, 0, 35, 34, 33, 4, 6, 5, 3, 2, -1], [-1, 8, 11, 15, 23, 16, 22, 21, 17, 18, 12, 14, 13, -1], [-1, 1, 26, 31, 28, 19, 25, 10, 24, 29, 30, 32, 9, 7, -1], [-1, 20, 27, -1]]
	tour_lengths=[1.876170681100581, 3.1991377816638695, 4.37911746632662, 1.8807493984814525]
	beginService=[0.0, 0.25946585683707507, 0.22395160411940412, 47.075053446589735, 46.596273780548074, 40.65277777777777, 45.875, 41.55555555555555, 63.588696585799354, 5.25, 63.091044476148724, 36.31944444444444, 5.917052171907222, 45.497099498719145, 47.34967123215158, 46.441543943163595, 13.430555555555555, 29.041666666666664, 44.308849015133575, 44.806501124784205, 10.009831861846935, 2.833333333333333, 43.64179684322636, 42.95833333333333, 14.083333333333332, 59.388888888888886, 10.684846795704411, 0.684538793843965, 54.041666666666664, 8.101170433992525, 60.31662137480483, 60.822220322546954, 6.875, 62.18333143365807, 38.43055555555555, 1.8034651248602172, 0.8811995104514277, 0.0, 0.0, 0.0, 0.0, 0.0, 0.0, 0.0, 0.0, 0.0, 0.0, 0.0, 0.0, 0.0, 0.0, 0.0, 0.0, 0.0, 0.0, 0.0, 0.0, 0.0, 0.0, 0.0, 0.0, 0.0, 0.0, 0.0, 0.0]
	usedVehicles=4
	currentTime=[47.075053446589735, 47.34967123215158, 63.588696585799354, 54.041666666666664]
	currentQuantity=[20.0, 20.0, 20.0, 5.0]
	total_tour_length=11.335175327572522
	costObjectives=[11.335175327572522, 2.502946785226039]
}

50:

Ant{
	tours=[[-1, 0, 35, 34, 33, 4, 6, 5, 3, 2, -1], [-1, 8, 11, 15, 23, 16, 22, 21, 17, 18, 12, 14, 13, -1], [-1, 1, 26, 31, 28, 19, 25, 10, 24, 29, 30, 32, 9, 7, -1], [-1, 20, 27, -1]]
	tour_lengths=[1.876170681100581, 3.1991377816638695, 4.37911746632662, 1.8807493984814525]
	beginService=[0.0, 0.25946585683707507, 0.22395160411940412, 47.075053446589735, 46.596273780548074, 40.65277777777777, 45.875, 41.55555555555555, 63.588696585799354, 5.25, 63.091044476148724, 36.31944444444444, 5.917052171907222, 45.497099498719145, 47.34967123215158, 46.441543943163595, 13.430555555555555, 29.041666666666664, 44.308849015133575, 44.806501124784205, 10.009831861846935, 2.833333333333333, 43.64179684322636, 42.95833333333333, 14.083333333333332, 59.388888888888886, 10.684846795704411, 0.684538793843965, 54.041666666666664, 8.101170433992525, 60.31662137480483, 60.822220322546954, 6.875, 62.18333143365807, 38.43055555555555, 1.8034651248602172, 0.8811995104514277, 0.0, 0.0, 0.0, 0.0, 0.0, 0.0, 0.0, 0.0, 0.0, 0.0, 0.0, 0.0, 0.0, 0.0, 0.0, 0.0, 0.0, 0.0, 0.0, 0.0, 0.0, 0.0, 0.0, 0.0, 0.0, 0.0, 0.0, 0.0]
	usedVehicles=4
	currentTime=[47.075053446589735, 47.34967123215158, 63.588696585799354, 54.041666666666664]
	currentQuantity=[20.0, 20.0, 20.0, 5.0]
	total_tour_length=11.335175327572522
	costObjectives=[11.335175327572522, 2.502946785226039]
}

51:

Ant{
	tours=[[-1, 0, 35, 34, 33, 4, 6, 5, 3, 2, -1], [-1, 8, 11, 15, 23, 16, 22, 21, 17, 18, 12, 14, 13, -1], [-1, 1, 26, 31, 28, 19, 25, 10, 24, 29, 30, 32, 9, 7, -1], [-1, 20, 27, -1]]
	tour_lengths=[1.876170681100581, 3.1991377816638695, 4.37911746632662, 1.8807493984814525]
	beginService=[0.0, 0.25946585683707507, 0.22395160411940412, 47.075053446589735, 46.596273780548074, 40.65277777777777, 45.875, 41.55555555555555, 63.588696585799354, 5.25, 63.091044476148724, 36.31944444444444, 5.917052171907222, 45.497099498719145, 47.34967123215158, 46.441543943163595, 13.430555555555555, 29.041666666666664, 44.308849015133575, 44.806501124784205, 10.009831861846935, 2.833333333333333, 43.64179684322636, 42.95833333333333, 14.083333333333332, 59.388888888888886, 10.684846795704411, 0.684538793843965, 54.041666666666664, 8.101170433992525, 60.31662137480483, 60.822220322546954, 6.875, 62.18333143365807, 38.43055555555555, 1.8034651248602172, 0.8811995104514277, 0.0, 0.0, 0.0, 0.0, 0.0, 0.0, 0.0, 0.0, 0.0, 0.0, 0.0, 0.0, 0.0, 0.0, 0.0, 0.0, 0.0, 0.0, 0.0, 0.0, 0.0, 0.0, 0.0, 0.0, 0.0, 0.0, 0.0, 0.0]
	usedVehicles=4
	currentTime=[47.075053446589735, 47.34967123215158, 63.588696585799354, 54.041666666666664]
	currentQuantity=[20.0, 20.0, 20.0, 5.0]
	total_tour_length=11.335175327572522
	costObjectives=[11.335175327572522, 2.502946785226039]
}

