1:

Ant{
	tours=[[-1, 7, 8, 11, 13, 12, 51, 48, 10, 14, 40, 2, -1], [-1, 39, 38, 29, 30, 31, 36, 44, 41, 43, 25, 22, -1], [-1, 21, 20, 19, 28, 23, 45, 15, 18, 17, 37, 16, 57, -1], [-1, 26, 0, 35, 34, 53, 33, 3, 56, 55, 1, -1], [-1, 9, 47, 4, 6, 5, 42, 50, -1], [-1, 58, 54, 49, 46, 27, 24, 52, 32, -1]]
	tour_lengths=[2.025477278190692, 2.221363538804298, 2.117610780842117, 1.4423339205583379, 1.5967601887252545, 2.325991082825705]
	beginService=[0.0, 1.0946026152894708, 51.54494538857638, 66.78387623492479, 43.20833333333333, 1.976586162494038, 45.875, 38.43055555555555, 0.1416394309331329, 5.25, 0.21960261528947078, 36.31944444444444, 5.917052171907222, 8.168039224849798, 7.236496616351666, 45.875, 16.159880198899664, 29.041666666666664, 17.219203232285164, 16.721551122634533, 7.680555555555555, 2.833333333333333, 0.4869041150821696, 42.95833333333333, 13.833333333333332, 59.388888888888886, 14.18422620976505, 0.21960261528947078, 54.041666666666664, 8.470934001307603, 6.939264637658177, 7.425375748769288, 8.773585023934086, 60.73461368374514, 38.43055555555555, 2.638601883312613, 1.7163362689038237, 9.676362801711864, 17.66364767672961, 6.152777777777778, 0.268238998830944, 65.69444444444444, 12.183239156822475, 46.441254577975954, 12.69811509865394, 11.280461379044697, 15.598209275164796, 39.936160680153336, 0.9468342788311082, 21.11111111111111, 37.864566798566855, 59.388888888888886, 9.229167273000586, 60.267869916030364, 3.9633958389672586, 36.25, 51.10050094413194, 50.23611111111111, 29.680555555555554, 0.26679684322636865, 0.0, 0.0, 0.0, 0.0, 0.0]
	usedVehicles=6
	currentTime=[66.78387623492479, 42.95833333333333, 29.680555555555554, 51.54494538857638, 59.388888888888886, 60.73461368374514]
	currentQuantity=[[20.0, 20.0], [20.0, 20.0], [20.0, 20.0], [20.0, 20.0], [13.0, 13.0], [13.0, 13.0]]
	total_tour_length=11.729536789946405
	costObjectives=[11.729536789946405, 0.8836571622673672]
}

2:

Ant{
	tours=[[-1, 7, 8, 11, 13, 12, 51, 48, 10, 14, 40, 2, -1], [-1, 39, 38, 29, 30, 31, 36, 44, 41, 43, 25, 22, -1], [-1, 21, 20, 19, 28, 23, 45, 15, 18, 17, 37, 16, 57, -1], [-1, 26, 0, 35, 34, 53, 33, 3, 56, 55, 1, -1], [-1, 9, 47, 4, 6, 5, 42, 50, -1], [-1, 58, 54, 49, 46, 27, 24, 52, 32, -1]]
	tour_lengths=[2.025477278190692, 2.221363538804298, 2.117610780842117, 1.4423339205583379, 1.5967601887252545, 2.325991082825705]
	beginService=[0.0, 1.0946026152894708, 51.54494538857638, 66.78387623492479, 43.20833333333333, 1.976586162494038, 45.875, 38.43055555555555, 0.1416394309331329, 5.25, 0.21960261528947078, 36.31944444444444, 5.917052171907222, 8.168039224849798, 7.236496616351666, 45.875, 16.159880198899664, 29.041666666666664, 17.219203232285164, 16.721551122634533, 7.680555555555555, 2.833333333333333, 0.4869041150821696, 42.95833333333333, 13.833333333333332, 59.388888888888886, 14.18422620976505, 0.21960261528947078, 54.041666666666664, 8.470934001307603, 6.939264637658177, 7.425375748769288, 8.773585023934086, 60.73461368374514, 38.43055555555555, 2.638601883312613, 1.7163362689038237, 9.676362801711864, 17.66364767672961, 6.152777777777778, 0.268238998830944, 65.69444444444444, 12.183239156822475, 46.441254577975954, 12.69811509865394, 11.280461379044697, 15.598209275164796, 39.936160680153336, 0.9468342788311082, 21.11111111111111, 37.864566798566855, 59.388888888888886, 9.229167273000586, 60.267869916030364, 3.9633958389672586, 36.25, 51.10050094413194, 50.23611111111111, 29.680555555555554, 0.26679684322636865, 0.0, 0.0, 0.0, 0.0, 0.0]
	usedVehicles=6
	currentTime=[66.78387623492479, 42.95833333333333, 29.680555555555554, 51.54494538857638, 59.388888888888886, 60.73461368374514]
	currentQuantity=[[20.0, 20.0], [20.0, 20.0], [20.0, 20.0], [20.0, 20.0], [13.0, 13.0], [13.0, 13.0]]
	total_tour_length=11.729536789946405
	costObjectives=[11.729536789946405, 0.8836571622673672]
}

3:

Ant{
	tours=[[-1, 7, 8, 11, 13, 12, 51, 48, 10, 14, 40, 2, -1], [-1, 39, 38, 29, 30, 31, 36, 44, 41, 43, 46, 22, -1], [-1, 21, 20, 19, 28, 23, 45, 15, 18, 17, 37, 16, 57, -1], [-1, 26, 0, 35, 34, 53, 33, 3, 56, 55, 1, -1], [-1, 9, 47, 4, 6, 5, 50, 42, -1], [-1, 58, 54, 49, 27, 24, 25, 52, 32, -1]]
	tour_lengths=[2.025477278190692, 2.3602524276931867, 2.117610780842117, 1.4423339205583379, 1.486793506557668, 2.0248591445415935]
	beginService=[0.0, 1.0946026152894708, 51.54494538857638, 66.78387623492479, 43.20833333333333, 1.976586162494038, 45.875, 38.43055555555555, 0.1416394309331329, 5.25, 0.21960261528947078, 36.31944444444444, 5.917052171907222, 8.168039224849798, 7.236496616351666, 45.875, 16.159880198899664, 29.041666666666664, 17.219203232285164, 16.721551122634533, 7.680555555555555, 2.833333333333333, 0.4869041150821696, 42.95833333333333, 13.833333333333332, 59.388888888888886, 59.916666666666664, 0.21960261528947078, 54.041666666666664, 8.470934001307603, 6.939264637658177, 7.425375748769288, 8.773585023934086, 61.21302345514028, 38.43055555555555, 2.638601883312613, 1.7163362689038237, 9.676362801711864, 17.66364767672961, 6.152777777777778, 0.268238998830944, 65.69444444444444, 12.183239156822475, 59.886540998539516, 12.69811509865394, 11.280461379044697, 15.598209275164796, 38.666666666666664, 0.9468342788311082, 21.11111111111111, 37.864566798566855, 59.388888888888886, 9.229167273000586, 60.746279687425506, 3.9633958389672586, 36.25, 51.10050094413194, 50.23611111111111, 29.680555555555554, 0.26679684322636865, 0.0, 0.0, 0.0, 0.0, 0.0]
	usedVehicles=6
	currentTime=[66.78387623492479, 42.95833333333333, 29.680555555555554, 51.54494538857638, 59.886540998539516, 61.21302345514028]
	currentQuantity=[[20.0, 20.0], [20.0, 20.0], [20.0, 20.0], [20.0, 20.0], [13.0, 13.0], [13.0, 13.0]]
	total_tour_length=11.457327058383596
	costObjectives=[11.457327058383596, 0.9179185071348488]
}

4:

Ant{
	tours=[[-1, 7, 8, 11, 13, 12, 51, 48, 10, 14, 40, 2, -1], [-1, 39, 38, 29, 30, 31, 36, 44, 41, 43, 22, 24, -1], [-1, 21, 20, 19, 28, 23, 45, 15, 18, 17, 37, 16, 57, -1], [-1, 26, 0, 35, 34, 53, 33, 3, 56, 55, 1, -1], [-1, 9, 47, 4, 6, 5, 42, 50, 52, 32, -1], [-1, 58, 54, 49, 46, 27, 25, -1]]
	tour_lengths=[2.025477278190692, 2.2665697659305533, 2.117610780842117, 1.4423339205583379, 2.1483782137350453, 1.7232251922577158]
	beginService=[0.0, 1.0946026152894708, 51.54494538857638, 66.78387623492479, 43.20833333333333, 1.976586162494038, 45.875, 38.43055555555555, 0.1416394309331329, 5.25, 0.21960261528947078, 36.31944444444444, 5.917052171907222, 8.168039224849798, 7.236496616351666, 45.875, 16.159880198899664, 29.041666666666664, 17.219203232285164, 16.721551122634533, 7.680555555555555, 2.833333333333333, 0.4869041150821696, 42.95833333333333, 13.833333333333332, 59.388888888888886, 54.55555555555555, 0.21960261528947078, 54.041666666666664, 8.470934001307603, 6.939264637658177, 7.425375748769288, 8.773585023934086, 61.00565370007278, 38.43055555555555, 2.638601883312613, 1.7163362689038237, 9.676362801711864, 17.66364767672961, 6.152777777777778, 0.268238998830944, 65.69444444444444, 12.183239156822475, 46.441254577975954, 12.69811509865394, 11.280461379044697, 15.598209275164796, 39.936160680153336, 0.9468342788311082, 21.11111111111111, 37.864566798566855, 59.388888888888886, 9.229167273000586, 60.538909932358, 3.9633958389672586, 36.25, 51.10050094413194, 50.23611111111111, 29.680555555555554, 0.26679684322636865, 0.0, 0.0, 0.0, 0.0, 0.0]
	usedVehicles=6
	currentTime=[66.78387623492479, 59.388888888888886, 29.680555555555554, 51.54494538857638, 61.00565370007278, 54.55555555555555]
	currentQuantity=[[20.0, 20.0], [20.0, 20.0], [20.0, 20.0], [20.0, 20.0], [15.0, 15.0], [11.0, 11.0]]
	total_tour_length=11.723595151514463
	costObjectives=[11.723595151514463, 0.8242358453722154]
}

5:

Ant{
	tours=[[-1, 7, 8, 11, 13, 12, 51, 48, 10, 14, 40, 2, -1], [-1, 39, 38, 29, 30, 31, 36, 44, 41, 43, 25, 46, -1], [-1, 21, 20, 19, 28, 23, 45, 15, 18, 17, 37, 16, 57, -1], [-1, 26, 0, 35, 34, 53, 33, 3, 56, 55, 1, -1], [-1, 9, 47, 4, 6, 5, 42, 50, -1], [-1, 58, 54, 22, 49, 27, 24, 52, 32, -1]]
	tour_lengths=[2.025477278190692, 2.7345664411167263, 2.117610780842117, 1.4423339205583379, 1.5967601887252545, 2.0860457862773973]
	beginService=[0.0, 1.0946026152894708, 51.54494538857638, 66.78387623492479, 43.20833333333333, 1.976586162494038, 45.875, 38.43055555555555, 0.1416394309331329, 5.25, 0.21960261528947078, 36.31944444444444, 5.917052171907222, 8.168039224849798, 7.236496616351666, 45.875, 16.159880198899664, 29.041666666666664, 17.219203232285164, 16.721551122634533, 7.680555555555555, 2.833333333333333, 0.4869041150821696, 42.95833333333333, 13.833333333333332, 59.388888888888886, 14.18422620976505, 0.21960261528947078, 54.041666666666664, 8.470934001307603, 6.939264637658177, 7.425375748769288, 8.773585023934086, 60.73461368374514, 38.43055555555555, 2.638601883312613, 1.7163362689038237, 9.676362801711864, 17.66364767672961, 6.152777777777778, 0.268238998830944, 65.69444444444444, 12.183239156822475, 46.441254577975954, 12.69811509865394, 11.280461379044697, 15.598209275164796, 38.666666666666664, 0.9468342788311082, 21.11111111111111, 43.58333333333333, 59.388888888888886, 9.229167273000586, 60.267869916030364, 3.9633958389672586, 36.25, 51.10050094413194, 50.23611111111111, 29.680555555555554, 0.26679684322636865, 0.0, 0.0, 0.0, 0.0, 0.0]
	usedVehicles=6
	currentTime=[66.78387623492479, 38.666666666666664, 29.680555555555554, 51.54494538857638, 59.388888888888886, 60.73461368374514]
	currentQuantity=[[20.0, 20.0], [20.0, 20.0], [20.0, 20.0], [20.0, 20.0], [13.0, 13.0], [13.0, 13.0]]
	total_tour_length=12.002794395710525
	costObjectives=[12.002794395710525, 1.2922325205583884]
}

6:

Ant{
	tours=[[-1, 7, 8, 11, 13, 12, 51, 48, 10, 14, 40, 2, -1], [-1, 39, 38, 29, 30, 31, 36, 44, 41, 43, 25, 22, -1], [-1, 21, 20, 19, 28, 23, 45, 15, 18, 17, 37, 16, 57, -1], [-1, 26, 0, 35, 34, 53, 33, 3, 56, 55, 1, -1], [-1, 9, 47, 4, 6, 5, 42, 50, -1], [-1, 58, 54, 49, 46, 27, 24, 52, 32, -1]]
	tour_lengths=[2.025477278190692, 2.221363538804298, 2.117610780842117, 1.4423339205583379, 1.5967601887252545, 2.325991082825705]
	beginService=[0.0, 1.0946026152894708, 51.54494538857638, 66.78387623492479, 43.20833333333333, 1.976586162494038, 45.875, 38.43055555555555, 0.1416394309331329, 5.25, 0.21960261528947078, 36.31944444444444, 5.917052171907222, 8.168039224849798, 7.236496616351666, 45.875, 16.159880198899664, 29.041666666666664, 17.219203232285164, 16.721551122634533, 7.680555555555555, 2.833333333333333, 0.4869041150821696, 42.95833333333333, 13.833333333333332, 59.388888888888886, 14.18422620976505, 0.21960261528947078, 54.041666666666664, 8.470934001307603, 6.939264637658177, 7.425375748769288, 8.773585023934086, 60.73461368374514, 38.43055555555555, 2.638601883312613, 1.7163362689038237, 9.676362801711864, 17.66364767672961, 6.152777777777778, 0.268238998830944, 65.69444444444444, 12.183239156822475, 46.441254577975954, 12.69811509865394, 11.280461379044697, 15.598209275164796, 39.936160680153336, 0.9468342788311082, 21.11111111111111, 37.864566798566855, 59.388888888888886, 9.229167273000586, 60.267869916030364, 3.9633958389672586, 36.25, 51.10050094413194, 50.23611111111111, 29.680555555555554, 0.26679684322636865, 0.0, 0.0, 0.0, 0.0, 0.0]
	usedVehicles=6
	currentTime=[66.78387623492479, 42.95833333333333, 29.680555555555554, 51.54494538857638, 59.388888888888886, 60.73461368374514]
	currentQuantity=[[20.0, 20.0], [20.0, 20.0], [20.0, 20.0], [20.0, 20.0], [13.0, 13.0], [13.0, 13.0]]
	total_tour_length=11.729536789946405
	costObjectives=[11.729536789946405, 0.8836571622673672]
}

7:

Ant{
	tours=[[-1, 7, 8, 11, 13, 12, 51, 48, 10, 3, 56, 40, -1], [-1, 39, 38, 29, 30, 31, 36, 44, 41, 43, 27, 24, -1], [-1, 21, 20, 19, 28, 23, 45, 15, 18, 17, 37, 16, 57, -1], [-1, 26, 0, 35, 34, 53, 33, 46, -1], [-1, 9, 47, 42, 6, 5, 4, 50, 2, 55, 52, 32, 1, -1], [-1, 58, 54, 22, 49, 25, 14, -1]]
	tour_lengths=[1.7773178095830904, 2.2665697659305533, 2.117610780842117, 2.0357984525643076, 2.236043209879954, 2.2063366204559816]
	beginService=[0.0, 1.0946026152894708, 62.96277984200325, 60.2035152439415, 43.20833333333333, 46.33333333333333, 45.875, 39.64163943093313, 0.1416394309331329, 5.25, 0.21960261528947078, 36.31944444444444, 5.917052171907222, 8.168039224849798, 7.236496616351666, 46.57758642199303, 16.159880198899664, 29.041666666666664, 17.219203232285164, 16.721551122634533, 7.680555555555555, 2.833333333333333, 0.4869041150821696, 42.95833333333333, 13.833333333333332, 59.388888888888886, 45.462459146399695, 0.21960261528947078, 54.041666666666664, 8.470934001307603, 6.939264637658177, 7.425375748769288, 8.773585023934086, 62.28259003698922, 38.43055555555555, 2.638601883312613, 1.7163362689038237, 9.676362801711864, 17.66364767672961, 6.152777777777778, 0.268238998830944, 65.69444444444444, 12.183239156822475, 38.666666666666664, 12.69811509865394, 11.280461379044697, 15.598209275164796, 40.87363471440964, 0.9468342788311082, 21.11111111111111, 43.58333333333333, 59.388888888888886, 9.229167273000586, 61.815846269274445, 3.9633958389672586, 36.25, 61.076132287340755, 50.23611111111111, 29.680555555555554, 0.26679684322636865, 0.0, 0.0, 0.0, 0.0, 0.0]
	usedVehicles=6
	currentTime=[65.69444444444444, 59.388888888888886, 29.680555555555554, 40.87363471440964, 62.96277984200325, 46.57758642199303]
	currentQuantity=[[19.0, 19.0], [20.0, 20.0], [20.0, 20.0], [16.0, 16.0], [19.0, 19.0], [12.0, 12.0]]
	total_tour_length=12.639676639256004
	costObjectives=[12.639676639256004, 0.4892519563474629]
}

8:

Ant{
	tours=[[-1, 7, 8, 11, 13, 12, 51, 48, 10, 14, 40, 2, -1], [-1, 39, 38, 29, 30, 31, 36, 44, 41, 43, 46, 22, -1], [-1, 21, 20, 19, 28, 23, 45, 15, 18, 17, 37, 16, 57, -1], [-1, 26, 0, 35, 34, 53, 33, 3, 56, 55, 1, -1], [-1, 9, 47, 4, 6, 5, 42, 50, -1], [-1, 58, 54, 49, 27, 24, 25, 52, 32, -1]]
	tour_lengths=[2.025477278190692, 2.3602524276931867, 2.117610780842117, 1.4423339205583379, 1.5967601887252545, 2.0248591445415935]
	beginService=[0.0, 1.0946026152894708, 51.54494538857638, 66.78387623492479, 43.20833333333333, 1.976586162494038, 45.875, 38.43055555555555, 0.1416394309331329, 5.25, 0.21960261528947078, 36.31944444444444, 5.917052171907222, 8.168039224849798, 7.236496616351666, 45.875, 16.159880198899664, 29.041666666666664, 17.219203232285164, 16.721551122634533, 7.680555555555555, 2.833333333333333, 0.4869041150821696, 42.95833333333333, 13.833333333333332, 59.388888888888886, 59.916666666666664, 0.21960261528947078, 54.041666666666664, 8.470934001307603, 6.939264637658177, 7.425375748769288, 8.773585023934086, 61.21302345514028, 38.43055555555555, 2.638601883312613, 1.7163362689038237, 9.676362801711864, 17.66364767672961, 6.152777777777778, 0.268238998830944, 65.69444444444444, 12.183239156822475, 46.441254577975954, 12.69811509865394, 11.280461379044697, 15.598209275164796, 38.666666666666664, 0.9468342788311082, 21.11111111111111, 37.864566798566855, 59.388888888888886, 9.229167273000586, 60.746279687425506, 3.9633958389672586, 36.25, 51.10050094413194, 50.23611111111111, 29.680555555555554, 0.26679684322636865, 0.0, 0.0, 0.0, 0.0, 0.0]
	usedVehicles=6
	currentTime=[66.78387623492479, 42.95833333333333, 29.680555555555554, 51.54494538857638, 59.388888888888886, 61.21302345514028]
	currentQuantity=[[20.0, 20.0], [20.0, 20.0], [20.0, 20.0], [20.0, 20.0], [13.0, 13.0], [13.0, 13.0]]
	total_tour_length=11.567293740551182
	costObjectives=[11.567293740551182, 0.9179185071348488]
}

9:

Ant{
	tours=[[-1, 7, 8, 11, 13, 12, 51, 48, 10, 14, 40, 2, -1], [-1, 39, 38, 29, 30, 31, 36, 44, 41, 43, 25, 46, -1], [-1, 21, 20, 19, 28, 23, 45, 15, 18, 17, 37, 16, 57, -1], [-1, 26, 0, 35, 34, 53, 33, 3, 56, 55, 1, -1], [-1, 9, 47, 42, 6, 5, 4, 50, -1], [-1, 58, 54, 22, 49, 27, 24, 52, 32, -1]]
	tour_lengths=[2.025477278190692, 2.7345664411167263, 2.117610780842117, 1.4423339205583379, 1.4805791023619108, 2.0860457862773973]
	beginService=[0.0, 1.0946026152894708, 51.54494538857638, 66.78387623492479, 43.20833333333333, 46.33333333333333, 45.875, 39.64163943093313, 0.1416394309331329, 5.25, 0.21960261528947078, 36.31944444444444, 5.917052171907222, 8.168039224849798, 7.236496616351666, 45.875, 16.159880198899664, 29.041666666666664, 17.219203232285164, 16.721551122634533, 7.680555555555555, 2.833333333333333, 0.4869041150821696, 42.95833333333333, 13.833333333333332, 59.388888888888886, 14.18422620976505, 0.21960261528947078, 54.041666666666664, 8.470934001307603, 6.939264637658177, 7.425375748769288, 8.773585023934086, 60.73461368374514, 38.43055555555555, 2.638601883312613, 1.7163362689038237, 9.676362801711864, 17.66364767672961, 6.152777777777778, 0.268238998830944, 65.69444444444444, 12.183239156822475, 38.666666666666664, 12.69811509865394, 11.280461379044697, 15.598209275164796, 38.666666666666664, 0.9468342788311082, 21.11111111111111, 43.58333333333333, 59.388888888888886, 9.229167273000586, 60.267869916030364, 3.9633958389672586, 36.25, 51.10050094413194, 50.23611111111111, 29.680555555555554, 0.26679684322636865, 0.0, 0.0, 0.0, 0.0, 0.0]
	usedVehicles=6
	currentTime=[66.78387623492479, 38.666666666666664, 29.680555555555554, 51.54494538857638, 59.388888888888886, 60.73461368374514]
	currentQuantity=[[20.0, 20.0], [20.0, 20.0], [20.0, 20.0], [20.0, 20.0], [13.0, 13.0], [13.0, 13.0]]
	total_tour_length=11.886613309347183
	costObjectives=[11.886613309347183, 1.2922325205583884]
}

10:

Ant{
	tours=[[-1, 7, 8, 11, 13, 12, 51, 48, 10, 14, 40, 2, -1], [-1, 39, 38, 29, 30, 31, 36, 44, 41, 43, 25, 46, -1], [-1, 21, 20, 19, 28, 23, 45, 15, 18, 17, 37, 16, 57, -1], [-1, 26, 0, 35, 34, 53, 33, 3, 56, 55, 1, -1], [-1, 9, 47, 6, 5, 50, 4, 42, 52, 32, -1], [-1, 58, 54, 22, 49, 27, 24, -1]]
	tour_lengths=[2.025477278190692, 2.7345664411167263, 2.117610780842117, 1.4423339205583379, 2.1862765787124814, 1.5494161074362856]
	beginService=[0.0, 1.0946026152894708, 51.54494538857638, 66.78387623492479, 43.20833333333333, 59.96083805399304, 45.875, 38.43055555555555, 0.1416394309331329, 5.25, 0.21960261528947078, 36.31944444444444, 5.917052171907222, 8.168039224849798, 7.236496616351666, 45.875, 16.159880198899664, 29.041666666666664, 17.219203232285164, 16.721551122634533, 7.680555555555555, 2.833333333333333, 0.4869041150821696, 42.95833333333333, 13.833333333333332, 59.388888888888886, 14.18422620976505, 0.21960261528947078, 54.041666666666664, 8.470934001307603, 6.939264637658177, 7.425375748769288, 8.773585023934086, 62.93189584252666, 38.43055555555555, 2.638601883312613, 1.7163362689038237, 9.676362801711864, 17.66364767672961, 6.152777777777778, 0.268238998830944, 65.69444444444444, 12.183239156822475, 60.96370688198934, 12.69811509865394, 11.280461379044697, 15.598209275164796, 38.666666666666664, 0.9468342788311082, 21.11111111111111, 43.58333333333333, 59.388888888888886, 9.229167273000586, 62.46515207481188, 3.9633958389672586, 36.25, 51.10050094413194, 50.23611111111111, 29.680555555555554, 0.26679684322636865, 0.0, 0.0, 0.0, 0.0, 0.0]
	usedVehicles=6
	currentTime=[66.78387623492479, 38.666666666666664, 29.680555555555554, 51.54494538857638, 62.93189584252666, 59.388888888888886]
	currentQuantity=[[20.0, 20.0], [20.0, 20.0], [20.0, 20.0], [20.0, 20.0], [15.0, 15.0], [11.0, 11.0]]
	total_tour_length=12.055681106856643
	costObjectives=[12.055681106856643, 1.2922325205583884]
}

11:

Ant{
	tours=[[-1, 7, 8, 11, 13, 12, 51, 48, 10, 14, 40, 2, -1], [-1, 39, 38, 29, 30, 31, 36, 44, 41, 43, 25, 46, -1], [-1, 21, 20, 19, 28, 23, 45, 15, 18, 17, 37, 16, 57, -1], [-1, 26, 0, 35, 34, 53, 33, 3, 56, 55, 1, -1], [-1, 9, 47, 4, 6, 5, 42, 50, -1], [-1, 58, 54, 22, 49, 27, 24, 52, 32, -1]]
	tour_lengths=[2.025477278190692, 2.7345664411167263, 2.117610780842117, 1.4423339205583379, 1.5967601887252545, 2.0860457862773973]
	beginService=[0.0, 1.0946026152894708, 51.54494538857638, 66.78387623492479, 43.20833333333333, 1.976586162494038, 45.875, 38.43055555555555, 0.1416394309331329, 5.25, 0.21960261528947078, 36.31944444444444, 5.917052171907222, 8.168039224849798, 7.236496616351666, 45.875, 16.159880198899664, 29.041666666666664, 17.219203232285164, 16.721551122634533, 7.680555555555555, 2.833333333333333, 0.4869041150821696, 42.95833333333333, 13.833333333333332, 59.388888888888886, 14.18422620976505, 0.21960261528947078, 54.041666666666664, 8.470934001307603, 6.939264637658177, 7.425375748769288, 8.773585023934086, 60.73461368374514, 38.43055555555555, 2.638601883312613, 1.7163362689038237, 9.676362801711864, 17.66364767672961, 6.152777777777778, 0.268238998830944, 65.69444444444444, 12.183239156822475, 46.441254577975954, 12.69811509865394, 11.280461379044697, 15.598209275164796, 38.666666666666664, 0.9468342788311082, 21.11111111111111, 43.58333333333333, 59.388888888888886, 9.229167273000586, 60.267869916030364, 3.9633958389672586, 36.25, 51.10050094413194, 50.23611111111111, 29.680555555555554, 0.26679684322636865, 0.0, 0.0, 0.0, 0.0, 0.0]
	usedVehicles=6
	currentTime=[66.78387623492479, 38.666666666666664, 29.680555555555554, 51.54494538857638, 59.388888888888886, 60.73461368374514]
	currentQuantity=[[20.0, 20.0], [20.0, 20.0], [20.0, 20.0], [20.0, 20.0], [13.0, 13.0], [13.0, 13.0]]
	total_tour_length=12.002794395710525
	costObjectives=[12.002794395710525, 1.2922325205583884]
}

12:

Ant{
	tours=[[-1, 7, 8, 11, 13, 12, 51, 48, 10, 14, 40, 2, -1], [-1, 39, 38, 29, 30, 31, 36, 44, 41, 43, 46, 22, -1], [-1, 21, 20, 19, 28, 23, 45, 15, 18, 17, 37, 16, 57, -1], [-1, 26, 0, 35, 34, 53, 33, 3, 56, 55, 1, -1], [-1, 9, 47, 4, 6, 5, 42, 50, -1], [-1, 58, 54, 49, 27, 24, 25, 52, 32, -1]]
	tour_lengths=[2.025477278190692, 2.3602524276931867, 2.117610780842117, 1.4423339205583379, 1.5967601887252545, 2.0248591445415935]
	beginService=[0.0, 1.0946026152894708, 51.54494538857638, 66.78387623492479, 43.20833333333333, 1.976586162494038, 45.875, 38.43055555555555, 0.1416394309331329, 5.25, 0.21960261528947078, 36.31944444444444, 5.917052171907222, 8.168039224849798, 7.236496616351666, 45.875, 16.159880198899664, 29.041666666666664, 17.219203232285164, 16.721551122634533, 7.680555555555555, 2.833333333333333, 0.4869041150821696, 42.95833333333333, 13.833333333333332, 59.388888888888886, 59.916666666666664, 0.21960261528947078, 54.041666666666664, 8.470934001307603, 6.939264637658177, 7.425375748769288, 8.773585023934086, 61.21302345514028, 38.43055555555555, 2.638601883312613, 1.7163362689038237, 9.676362801711864, 17.66364767672961, 6.152777777777778, 0.268238998830944, 65.69444444444444, 12.183239156822475, 46.441254577975954, 12.69811509865394, 11.280461379044697, 15.598209275164796, 38.666666666666664, 0.9468342788311082, 21.11111111111111, 37.864566798566855, 59.388888888888886, 9.229167273000586, 60.746279687425506, 3.9633958389672586, 36.25, 51.10050094413194, 50.23611111111111, 29.680555555555554, 0.26679684322636865, 0.0, 0.0, 0.0, 0.0, 0.0]
	usedVehicles=6
	currentTime=[66.78387623492479, 42.95833333333333, 29.680555555555554, 51.54494538857638, 59.388888888888886, 61.21302345514028]
	currentQuantity=[[20.0, 20.0], [20.0, 20.0], [20.0, 20.0], [20.0, 20.0], [13.0, 13.0], [13.0, 13.0]]
	total_tour_length=11.567293740551182
	costObjectives=[11.567293740551182, 0.9179185071348488]
}

13:

Ant{
	tours=[[-1, 7, 8, 11, 13, 12, 51, 48, 10, 14, 40, 2, -1], [-1, 39, 38, 29, 30, 31, 36, 44, 41, 43, 46, 22, -1], [-1, 21, 20, 19, 28, 23, 45, 15, 18, 17, 37, 16, 57, -1], [-1, 26, 0, 35, 34, 53, 33, 3, 56, 55, 1, -1], [-1, 9, 47, 4, 6, 5, 42, 50, -1], [-1, 58, 54, 49, 27, 24, 25, 52, 32, -1]]
	tour_lengths=[2.025477278190692, 2.3602524276931867, 2.117610780842117, 1.4423339205583379, 1.5967601887252545, 2.0248591445415935]
	beginService=[0.0, 1.0946026152894708, 51.54494538857638, 66.78387623492479, 43.20833333333333, 1.976586162494038, 45.875, 38.43055555555555, 0.1416394309331329, 5.25, 0.21960261528947078, 36.31944444444444, 5.917052171907222, 8.168039224849798, 7.236496616351666, 45.875, 16.159880198899664, 29.041666666666664, 17.219203232285164, 16.721551122634533, 7.680555555555555, 2.833333333333333, 0.4869041150821696, 42.95833333333333, 13.833333333333332, 59.388888888888886, 59.916666666666664, 0.21960261528947078, 54.041666666666664, 8.470934001307603, 6.939264637658177, 7.425375748769288, 8.773585023934086, 61.21302345514028, 38.43055555555555, 2.638601883312613, 1.7163362689038237, 9.676362801711864, 17.66364767672961, 6.152777777777778, 0.268238998830944, 65.69444444444444, 12.183239156822475, 46.441254577975954, 12.69811509865394, 11.280461379044697, 15.598209275164796, 38.666666666666664, 0.9468342788311082, 21.11111111111111, 37.864566798566855, 59.388888888888886, 9.229167273000586, 60.746279687425506, 3.9633958389672586, 36.25, 51.10050094413194, 50.23611111111111, 29.680555555555554, 0.26679684322636865, 0.0, 0.0, 0.0, 0.0, 0.0]
	usedVehicles=6
	currentTime=[66.78387623492479, 42.95833333333333, 29.680555555555554, 51.54494538857638, 59.388888888888886, 61.21302345514028]
	currentQuantity=[[20.0, 20.0], [20.0, 20.0], [20.0, 20.0], [20.0, 20.0], [13.0, 13.0], [13.0, 13.0]]
	total_tour_length=11.567293740551182
	costObjectives=[11.567293740551182, 0.9179185071348488]
}

14:

Ant{
	tours=[[-1, 7, 8, 11, 13, 12, 51, 48, 10, 3, 56, 40, -1], [-1, 39, 38, 29, 30, 31, 36, 44, 41, 43, 25, 46, -1], [-1, 21, 20, 19, 28, 23, 45, 15, 18, 17, 37, 16, 57, -1], [-1, 26, 0, 35, 34, 53, 33, 14, -1], [-1, 9, 47, 42, 6, 5, 4, 50, 2, 55, 52, 32, 1, -1], [-1, 58, 54, 22, 49, 27, 24, -1]]
	tour_lengths=[1.7773178095830904, 2.7345664411167263, 2.117610780842117, 2.1920953468645807, 2.236043209879954, 1.5494161074362856]
	beginService=[0.0, 1.0946026152894708, 62.96277984200325, 60.2035152439415, 43.20833333333333, 46.33333333333333, 45.875, 39.64163943093313, 0.1416394309331329, 5.25, 0.21960261528947078, 36.31944444444444, 5.917052171907222, 8.168039224849798, 7.236496616351666, 45.875, 16.159880198899664, 29.041666666666664, 17.219203232285164, 16.721551122634533, 7.680555555555555, 2.833333333333333, 0.4869041150821696, 42.95833333333333, 13.833333333333332, 59.388888888888886, 14.18422620976505, 0.21960261528947078, 54.041666666666664, 8.470934001307603, 6.939264637658177, 7.425375748769288, 8.773585023934086, 62.28259003698922, 38.43055555555555, 2.638601883312613, 1.7163362689038237, 9.676362801711864, 17.66364767672961, 6.152777777777778, 0.268238998830944, 65.69444444444444, 12.183239156822475, 38.666666666666664, 12.69811509865394, 11.280461379044697, 15.598209275164796, 38.666666666666664, 0.9468342788311082, 21.11111111111111, 43.58333333333333, 59.388888888888886, 9.229167273000586, 61.815846269274445, 3.9633958389672586, 36.25, 61.076132287340755, 50.23611111111111, 29.680555555555554, 0.26679684322636865, 0.0, 0.0, 0.0, 0.0, 0.0]
	usedVehicles=6
	currentTime=[65.69444444444444, 38.666666666666664, 29.680555555555554, 45.875, 62.96277984200325, 59.388888888888886]
	currentQuantity=[[19.0, 19.0], [20.0, 20.0], [20.0, 20.0], [17.0, 17.0], [19.0, 19.0], [11.0, 11.0]]
	total_tour_length=12.607049695722754
	costObjectives=[12.607049695722754, 1.1851503336804408]
}

15:

Ant{
	tours=[[-1, 7, 8, 11, 13, 12, 51, 48, 10, 14, 40, 2, -1], [-1, 39, 38, 29, 30, 31, 36, 44, 41, 43, 32, 52, -1], [-1, 21, 20, 19, 28, 23, 45, 15, 18, 17, 37, 16, 57, -1], [-1, 26, 0, 35, 34, 53, 33, 3, 56, 55, 1, -1], [-1, 9, 47, 6, 5, 50, 42, 4, -1], [-1, 58, 54, 46, 22, 49, 27, 24, 25, -1]]
	tour_lengths=[2.025477278190692, 2.460519641942099, 2.117610780842117, 1.4423339205583379, 1.612098698198332, 2.399178107875784]
	beginService=[0.0, 1.0946026152894708, 51.54494538857638, 66.78387623492479, 43.20833333333333, 60.88940982653582, 45.875, 38.43055555555555, 0.1416394309331329, 5.25, 0.21960261528947078, 36.31944444444444, 5.917052171907222, 8.168039224849798, 7.236496616351666, 45.875, 16.159880198899664, 29.041666666666664, 17.219203232285164, 16.721551122634533, 7.680555555555555, 2.833333333333333, 0.4869041150821696, 42.95833333333333, 13.833333333333332, 59.388888888888886, 59.916666666666664, 0.21960261528947078, 54.041666666666664, 8.470934001307603, 6.939264637658177, 7.425375748769288, 8.773585023934086, 14.387320329232882, 38.43055555555555, 2.638601883312613, 1.7163362689038237, 9.676362801711864, 17.66364767672961, 6.152777777777778, 0.268238998830944, 65.69444444444444, 12.183239156822475, 59.886540998539516, 12.69811509865394, 11.280461379044697, 15.598209275164796, 38.666666666666664, 0.9468342788311082, 21.11111111111111, 43.58333333333333, 59.388888888888886, 9.229167273000586, 59.625, 3.9633958389672586, 36.25, 51.10050094413194, 50.23611111111111, 29.680555555555554, 0.26679684322636865, 0.0, 0.0, 0.0, 0.0, 0.0]
	usedVehicles=6
	currentTime=[66.78387623492479, 59.625, 29.680555555555554, 51.54494538857638, 60.88940982653582, 59.916666666666664]
	currentQuantity=[[20.0, 20.0], [20.0, 20.0], [20.0, 20.0], [20.0, 20.0], [13.0, 13.0], [13.0, 13.0]]
	total_tour_length=12.057218427607364
	costObjectives=[12.057218427607364, 1.0181857213837613]
}

16:

Ant{
	tours=[[-1, 7, 8, 11, 13, 12, 51, 48, 10, 14, 40, 2, -1], [-1, 39, 38, 29, 30, 31, 36, 44, 41, 43, 25, 22, -1], [-1, 21, 20, 19, 28, 23, 45, 15, 18, 17, 37, 16, 57, -1], [-1, 26, 0, 35, 34, 53, 33, 3, 56, 55, 1, -1], [-1, 9, 47, 4, 6, 5, 42, 50, -1], [-1, 58, 54, 49, 46, 27, 24, 52, 32, -1]]
	tour_lengths=[2.025477278190692, 2.221363538804298, 2.117610780842117, 1.4423339205583379, 1.5967601887252545, 2.325991082825705]
	beginService=[0.0, 1.0946026152894708, 51.54494538857638, 66.78387623492479, 43.20833333333333, 1.976586162494038, 45.875, 38.43055555555555, 0.1416394309331329, 5.25, 0.21960261528947078, 36.31944444444444, 5.917052171907222, 8.168039224849798, 7.236496616351666, 45.875, 16.159880198899664, 29.041666666666664, 17.219203232285164, 16.721551122634533, 7.680555555555555, 2.833333333333333, 0.4869041150821696, 42.95833333333333, 13.833333333333332, 59.388888888888886, 14.18422620976505, 0.21960261528947078, 54.041666666666664, 8.470934001307603, 6.939264637658177, 7.425375748769288, 8.773585023934086, 60.73461368374514, 38.43055555555555, 2.638601883312613, 1.7163362689038237, 9.676362801711864, 17.66364767672961, 6.152777777777778, 0.268238998830944, 65.69444444444444, 12.183239156822475, 46.441254577975954, 12.69811509865394, 11.280461379044697, 15.598209275164796, 39.936160680153336, 0.9468342788311082, 21.11111111111111, 37.864566798566855, 59.388888888888886, 9.229167273000586, 60.267869916030364, 3.9633958389672586, 36.25, 51.10050094413194, 50.23611111111111, 29.680555555555554, 0.26679684322636865, 0.0, 0.0, 0.0, 0.0, 0.0]
	usedVehicles=6
	currentTime=[66.78387623492479, 42.95833333333333, 29.680555555555554, 51.54494538857638, 59.388888888888886, 60.73461368374514]
	currentQuantity=[[20.0, 20.0], [20.0, 20.0], [20.0, 20.0], [20.0, 20.0], [13.0, 13.0], [13.0, 13.0]]
	total_tour_length=11.729536789946405
	costObjectives=[11.729536789946405, 0.8836571622673672]
}

17:

Ant{
	tours=[[-1, 7, 8, 11, 13, 12, 51, 48, 10, 14, 40, 2, -1], [-1, 39, 38, 29, 30, 31, 36, 44, 41, 43, 46, 22, -1], [-1, 21, 20, 19, 28, 23, 45, 15, 18, 17, 37, 16, 57, -1], [-1, 26, 0, 35, 34, 53, 33, 3, 56, 55, 1, -1], [-1, 9, 47, 4, 6, 5, 42, 50, -1], [-1, 58, 54, 49, 27, 24, 25, 52, 32, -1]]
	tour_lengths=[2.025477278190692, 2.3602524276931867, 2.117610780842117, 1.4423339205583379, 1.5967601887252545, 2.0248591445415935]
	beginService=[0.0, 1.0946026152894708, 51.54494538857638, 66.78387623492479, 43.20833333333333, 1.976586162494038, 45.875, 38.43055555555555, 0.1416394309331329, 5.25, 0.21960261528947078, 36.31944444444444, 5.917052171907222, 8.168039224849798, 7.236496616351666, 45.875, 16.159880198899664, 29.041666666666664, 17.219203232285164, 16.721551122634533, 7.680555555555555, 2.833333333333333, 0.4869041150821696, 42.95833333333333, 13.833333333333332, 59.388888888888886, 59.916666666666664, 0.21960261528947078, 54.041666666666664, 8.470934001307603, 6.939264637658177, 7.425375748769288, 8.773585023934086, 61.21302345514028, 38.43055555555555, 2.638601883312613, 1.7163362689038237, 9.676362801711864, 17.66364767672961, 6.152777777777778, 0.268238998830944, 65.69444444444444, 12.183239156822475, 46.441254577975954, 12.69811509865394, 11.280461379044697, 15.598209275164796, 38.666666666666664, 0.9468342788311082, 21.11111111111111, 37.864566798566855, 59.388888888888886, 9.229167273000586, 60.746279687425506, 3.9633958389672586, 36.25, 51.10050094413194, 50.23611111111111, 29.680555555555554, 0.26679684322636865, 0.0, 0.0, 0.0, 0.0, 0.0]
	usedVehicles=6
	currentTime=[66.78387623492479, 42.95833333333333, 29.680555555555554, 51.54494538857638, 59.388888888888886, 61.21302345514028]
	currentQuantity=[[20.0, 20.0], [20.0, 20.0], [20.0, 20.0], [20.0, 20.0], [13.0, 13.0], [13.0, 13.0]]
	total_tour_length=11.567293740551182
	costObjectives=[11.567293740551182, 0.9179185071348488]
}

18:

Ant{
	tours=[[-1, 7, 8, 11, 13, 12, 51, 48, 10, 14, 40, 2, -1], [-1, 39, 38, 29, 30, 31, 36, 44, 41, 43, 57, 25, -1], [-1, 21, 20, 19, 28, 23, 45, 15, 18, 17, 37, 16, 22, -1], [-1, 26, 0, 35, 34, 53, 33, 3, 56, 55, 1, -1], [-1, 9, 47, 4, 6, 5, 42, 50, -1], [-1, 58, 54, 49, 46, 27, 24, 52, 32, -1]]
	tour_lengths=[2.025477278190692, 2.339322443092565, 2.1567777328762823, 1.4423339205583379, 1.5967601887252545, 2.325991082825705]
	beginService=[0.0, 1.0946026152894708, 51.54494538857638, 66.78387623492479, 43.20833333333333, 1.976586162494038, 45.875, 38.43055555555555, 0.1416394309331329, 5.25, 0.21960261528947078, 36.31944444444444, 5.917052171907222, 8.168039224849798, 7.236496616351666, 45.875, 16.159880198899664, 29.041666666666664, 17.219203232285164, 16.721551122634533, 7.680555555555555, 2.833333333333333, 0.4869041150821696, 42.95833333333333, 13.833333333333332, 59.388888888888886, 14.739781765320606, 0.21960261528947078, 54.041666666666664, 8.470934001307603, 6.939264637658177, 7.425375748769288, 8.773585023934086, 60.73461368374514, 38.43055555555555, 2.638601883312613, 1.7163362689038237, 9.676362801711864, 17.66364767672961, 6.152777777777778, 0.268238998830944, 65.69444444444444, 12.183239156822475, 46.441254577975954, 12.69811509865394, 11.280461379044697, 15.598209275164796, 39.936160680153336, 0.9468342788311082, 21.11111111111111, 37.864566798566855, 59.388888888888886, 9.229167273000586, 60.267869916030364, 3.9633958389672586, 36.25, 51.10050094413194, 50.23611111111111, 14.253670654209495, 0.26679684322636865, 0.0, 0.0, 0.0, 0.0, 0.0]
	usedVehicles=6
	currentTime=[66.78387623492479, 14.739781765320606, 42.95833333333333, 51.54494538857638, 59.388888888888886, 60.73461368374514]
	currentQuantity=[[20.0, 20.0], [20.0, 20.0], [20.0, 20.0], [20.0, 20.0], [13.0, 13.0], [13.0, 13.0]]
	total_tour_length=11.886662646268837
	costObjectives=[11.886662646268837, 0.8969885225342271]
}

19:

Ant{
	tours=[[-1, 7, 8, 11, 13, 12, 51, 48, 10, 14, 40, 2, -1], [-1, 39, 38, 29, 30, 31, 36, 44, 41, 43, 46, 22, -1], [-1, 21, 20, 19, 28, 23, 45, 15, 18, 17, 37, 16, 57, -1], [-1, 26, 0, 35, 34, 53, 33, 3, 56, 55, 1, -1], [-1, 9, 47, 4, 6, 5, 42, 50, -1], [-1, 58, 54, 49, 27, 24, 25, 52, 32, -1]]
	tour_lengths=[2.025477278190692, 2.3602524276931867, 2.117610780842117, 1.4423339205583379, 1.5967601887252545, 2.0248591445415935]
	beginService=[0.0, 1.0946026152894708, 51.54494538857638, 66.78387623492479, 43.20833333333333, 1.976586162494038, 45.875, 38.43055555555555, 0.1416394309331329, 5.25, 0.21960261528947078, 36.31944444444444, 5.917052171907222, 8.168039224849798, 7.236496616351666, 45.875, 16.159880198899664, 29.041666666666664, 17.219203232285164, 16.721551122634533, 7.680555555555555, 2.833333333333333, 0.4869041150821696, 42.95833333333333, 13.833333333333332, 59.388888888888886, 59.916666666666664, 0.21960261528947078, 54.041666666666664, 8.470934001307603, 6.939264637658177, 7.425375748769288, 8.773585023934086, 61.21302345514028, 38.43055555555555, 2.638601883312613, 1.7163362689038237, 9.676362801711864, 17.66364767672961, 6.152777777777778, 0.268238998830944, 65.69444444444444, 12.183239156822475, 46.441254577975954, 12.69811509865394, 11.280461379044697, 15.598209275164796, 38.666666666666664, 0.9468342788311082, 21.11111111111111, 37.864566798566855, 59.388888888888886, 9.229167273000586, 60.746279687425506, 3.9633958389672586, 36.25, 51.10050094413194, 50.23611111111111, 29.680555555555554, 0.26679684322636865, 0.0, 0.0, 0.0, 0.0, 0.0]
	usedVehicles=6
	currentTime=[66.78387623492479, 42.95833333333333, 29.680555555555554, 51.54494538857638, 59.388888888888886, 61.21302345514028]
	currentQuantity=[[20.0, 20.0], [20.0, 20.0], [20.0, 20.0], [20.0, 20.0], [13.0, 13.0], [13.0, 13.0]]
	total_tour_length=11.567293740551182
	costObjectives=[11.567293740551182, 0.9179185071348488]
}

20:

Ant{
	tours=[[-1, 7, 8, 11, 13, 12, 51, 48, 10, 14, 40, -1], [-1, 39, 38, 29, 30, 31, 36, 44, 41, 43, 27, 24, -1], [-1, 21, 20, 19, 28, 23, 45, 15, 18, 17, 37, 16, 57, -1], [-1, 26, 0, 35, 34, 53, 33, 3, 56, 55, 1, -1], [-1, 9, 47, 4, 6, 50, 2, 52, 32, -1], [-1, 58, 54, 46, 22, 49, 25, 5, 42, -1]]
	tour_lengths=[1.7161222246630623, 2.2665697659305533, 2.117610780842117, 1.4423339205583379, 1.991058214575816, 3.19948837142198]
	beginService=[0.0, 1.0946026152894708, 51.54494538857638, 60.2035152439415, 43.20833333333333, 1.976586162494038, 46.75599770849217, 38.43055555555555, 0.1416394309331329, 5.25, 0.21960261528947078, 36.31944444444444, 5.917052171907222, 8.168039224849798, 7.236496616351666, 45.875, 16.159880198899664, 29.041666666666664, 17.219203232285164, 16.721551122634533, 7.680555555555555, 2.833333333333333, 0.4869041150821696, 42.95833333333333, 13.833333333333332, 59.388888888888886, 45.462459146399695, 0.21960261528947078, 54.041666666666664, 8.470934001307603, 6.939264637658177, 7.425375748769288, 8.773585023934086, 61.841808891153114, 38.43055555555555, 2.638601883312613, 1.7163362689038237, 9.676362801711864, 17.66364767672961, 6.152777777777778, 0.268238998830944, 65.69444444444444, 12.183239156822475, 47.32225228646812, 12.69811509865394, 11.280461379044697, 15.598209275164796, 38.666666666666664, 0.9468342788311082, 21.11111111111111, 43.58333333333333, 59.388888888888886, 9.229167273000586, 61.37506512343834, 3.9633958389672586, 36.25, 51.10050094413194, 50.23611111111111, 29.680555555555554, 0.26679684322636865, 0.0, 0.0, 0.0, 0.0, 0.0]
	usedVehicles=6
	currentTime=[65.69444444444444, 59.388888888888886, 29.680555555555554, 51.54494538857638, 61.841808891153114, 47.32225228646812]
	currentQuantity=[[18.0, 18.0], [20.0, 20.0], [20.0, 20.0], [20.0, 20.0], [14.0, 14.0], [14.0, 14.0]]
	total_tour_length=12.733183277991866
	costObjectives=[12.733183277991866, 1.757154450863642]
}

21:

Ant{
	tours=[[-1, 7, 8, 11, 13, 12, 51, 48, 10, 14, 40, 2, -1], [-1, 39, 38, 29, 30, 31, 36, 44, 41, 43, 25, 22, -1], [-1, 21, 20, 19, 28, 23, 45, 15, 18, 17, 37, 16, 57, -1], [-1, 26, 0, 35, 34, 53, 33, 3, 56, 55, 1, -1], [-1, 9, 47, 6, 5, 42, 4, 50, -1], [-1, 58, 54, 49, 46, 27, 24, 52, 32, -1]]
	tour_lengths=[2.025477278190692, 2.221363538804298, 2.117610780842117, 1.4423339205583379, 1.7300122425051898, 2.325991082825705]
	beginService=[0.0, 1.0946026152894708, 51.54494538857638, 66.78387623492479, 43.20833333333333, 47.444123405972256, 45.875, 38.43055555555555, 0.1416394309331329, 5.25, 0.21960261528947078, 36.31944444444444, 5.917052171907222, 8.168039224849798, 7.236496616351666, 45.875, 16.159880198899664, 29.041666666666664, 17.219203232285164, 16.721551122634533, 7.680555555555555, 2.833333333333333, 0.4869041150821696, 42.95833333333333, 13.833333333333332, 59.388888888888886, 14.18422620976505, 0.21960261528947078, 54.041666666666664, 8.470934001307603, 6.939264637658177, 7.425375748769288, 8.773585023934086, 60.73461368374514, 38.43055555555555, 2.638601883312613, 1.7163362689038237, 9.676362801711864, 17.66364767672961, 6.152777777777778, 0.268238998830944, 65.69444444444444, 12.183239156822475, 46.441254577975954, 12.69811509865394, 11.280461379044697, 15.598209275164796, 39.936160680153336, 0.9468342788311082, 21.11111111111111, 37.864566798566855, 59.388888888888886, 9.229167273000586, 60.267869916030364, 3.9633958389672586, 36.25, 51.10050094413194, 50.23611111111111, 29.680555555555554, 0.26679684322636865, 0.0, 0.0, 0.0, 0.0, 0.0]
	usedVehicles=6
	currentTime=[66.78387623492479, 42.95833333333333, 29.680555555555554, 51.54494538857638, 59.388888888888886, 60.73461368374514]
	currentQuantity=[[20.0, 20.0], [20.0, 20.0], [20.0, 20.0], [20.0, 20.0], [13.0, 13.0], [13.0, 13.0]]
	total_tour_length=11.86278884372634
	costObjectives=[11.86278884372634, 0.8836571622673672]
}

22:

Ant{
	tours=[[-1, 7, 8, 11, 13, 12, 51, 48, 10, 14, 40, 2, -1], [-1, 39, 38, 29, 30, 31, 36, 44, 41, 43, 25, 22, -1], [-1, 21, 20, 19, 28, 23, 45, 15, 18, 17, 37, 16, 57, -1], [-1, 26, 0, 35, 34, 53, 33, 3, 56, 55, 1, -1], [-1, 9, 47, 4, 6, 5, 42, 50, -1], [-1, 58, 54, 49, 46, 27, 24, 52, 32, -1]]
	tour_lengths=[2.025477278190692, 2.221363538804298, 2.117610780842117, 1.4423339205583379, 1.5967601887252545, 2.325991082825705]
	beginService=[0.0, 1.0946026152894708, 51.54494538857638, 66.78387623492479, 43.20833333333333, 1.976586162494038, 45.875, 38.43055555555555, 0.1416394309331329, 5.25, 0.21960261528947078, 36.31944444444444, 5.917052171907222, 8.168039224849798, 7.236496616351666, 45.875, 16.159880198899664, 29.041666666666664, 17.219203232285164, 16.721551122634533, 7.680555555555555, 2.833333333333333, 0.4869041150821696, 42.95833333333333, 13.833333333333332, 59.388888888888886, 14.18422620976505, 0.21960261528947078, 54.041666666666664, 8.470934001307603, 6.939264637658177, 7.425375748769288, 8.773585023934086, 60.73461368374514, 38.43055555555555, 2.638601883312613, 1.7163362689038237, 9.676362801711864, 17.66364767672961, 6.152777777777778, 0.268238998830944, 65.69444444444444, 12.183239156822475, 46.441254577975954, 12.69811509865394, 11.280461379044697, 15.598209275164796, 39.936160680153336, 0.9468342788311082, 21.11111111111111, 37.864566798566855, 59.388888888888886, 9.229167273000586, 60.267869916030364, 3.9633958389672586, 36.25, 51.10050094413194, 50.23611111111111, 29.680555555555554, 0.26679684322636865, 0.0, 0.0, 0.0, 0.0, 0.0]
	usedVehicles=6
	currentTime=[66.78387623492479, 42.95833333333333, 29.680555555555554, 51.54494538857638, 59.388888888888886, 60.73461368374514]
	currentQuantity=[[20.0, 20.0], [20.0, 20.0], [20.0, 20.0], [20.0, 20.0], [13.0, 13.0], [13.0, 13.0]]
	total_tour_length=11.729536789946405
	costObjectives=[11.729536789946405, 0.8836571622673672]
}

23:

Ant{
	tours=[[-1, 7, 8, 11, 13, 12, 51, 48, 10, 14, 40, -1], [-1, 39, 38, 29, 30, 31, 36, 44, 41, 43, 46, 22, -1], [-1, 21, 20, 19, 28, 23, 45, 15, 18, 17, 37, 16, 57, -1], [-1, 26, 0, 35, 34, 53, 33, 4, 50, -1], [-1, 9, 47, 42, 6, 5, 3, 56, 55, 2, 52, 32, 1, -1], [-1, 58, 54, 49, 27, 24, 25, -1]]
	tour_lengths=[1.7161222246630623, 2.3602524276931867, 2.117610780842117, 1.9527234537871507, 2.023023700542718, 1.582572371467347]
	beginService=[0.0, 1.0946026152894708, 60.771933572728805, 51.55645132086452, 46.596273780548074, 40.65277777777777, 45.875, 39.64163943093313, 0.1416394309331329, 5.25, 0.21960261528947078, 36.31944444444444, 5.917052171907222, 8.168039224849798, 7.236496616351666, 45.875, 16.159880198899664, 29.041666666666664, 17.219203232285164, 16.721551122634533, 7.680555555555555, 2.833333333333333, 0.4869041150821696, 42.95833333333333, 13.833333333333332, 59.388888888888886, 59.916666666666664, 0.21960261528947078, 54.041666666666664, 8.470934001307603, 6.939264637658177, 7.425375748769288, 8.773585023934086, 60.091743767714775, 38.43055555555555, 2.638601883312613, 1.7163362689038237, 9.676362801711864, 17.66364767672961, 6.152777777777778, 0.268238998830944, 65.69444444444444, 12.183239156822475, 38.666666666666664, 12.69811509865394, 11.280461379044697, 15.598209275164796, 38.666666666666664, 0.9468342788311082, 21.11111111111111, 37.864566798566855, 59.388888888888886, 9.229167273000586, 59.625, 3.9633958389672586, 36.25, 51.10050094413194, 50.23611111111111, 29.680555555555554, 0.26679684322636865, 0.0, 0.0, 0.0, 0.0, 0.0]
	usedVehicles=6
	currentTime=[65.69444444444444, 42.95833333333333, 29.680555555555554, 59.388888888888886, 60.771933572728805, 59.916666666666664]
	currentQuantity=[[18.0, 18.0], [20.0, 20.0], [20.0, 20.0], [18.0, 18.0], [19.0, 19.0], [11.0, 11.0]]
	total_tour_length=11.75230495899558
	costObjectives=[11.75230495899558, 0.7776800562258397]
}

24:

Ant{
	tours=[[-1, 7, 8, 11, 13, 12, 51, 48, 10, 14, 40, 50, -1], [-1, 39, 38, 29, 30, 31, 36, 44, 41, 43, 25, 46, -1], [-1, 21, 20, 19, 28, 23, 45, 15, 18, 17, 37, 16, 57, -1], [-1, 26, 0, 35, 34, 53, 33, 3, 56, 55, 1, -1], [-1, 9, 47, 4, 6, 5, 42, 2, 32, 52, -1], [-1, 58, 54, 22, 49, 27, 24, -1]]
	tour_lengths=[2.5182947441047716, 2.7345664411167263, 2.117610780842117, 1.4423339205583379, 1.981833577484807, 1.5494161074362856]
	beginService=[0.0, 1.0946026152894708, 51.54494538857638, 47.604723031420534, 43.20833333333333, 1.976586162494038, 45.875, 38.43055555555555, 0.1416394309331329, 5.25, 0.21960261528947078, 36.31944444444444, 5.917052171907222, 8.168039224849798, 7.236496616351666, 45.875, 16.159880198899664, 29.041666666666664, 17.219203232285164, 16.721551122634533, 7.680555555555555, 2.833333333333333, 0.4869041150821696, 42.95833333333333, 13.833333333333332, 59.388888888888886, 14.18422620976505, 0.21960261528947078, 54.041666666666664, 8.470934001307603, 6.939264637658177, 7.425375748769288, 8.773585023934086, 48.72806487889027, 38.43055555555555, 2.638601883312613, 1.7163362689038237, 9.676362801711864, 17.66364767672961, 6.152777777777778, 0.268238998830944, 65.69444444444444, 12.183239156822475, 46.441254577975954, 12.69811509865394, 11.280461379044697, 15.598209275164796, 38.666666666666664, 0.9468342788311082, 21.11111111111111, 43.58333333333333, 66.95653747334536, 9.229167273000586, 59.625, 3.9633958389672586, 36.25, 51.10050094413194, 50.23611111111111, 29.680555555555554, 0.26679684322636865, 0.0, 0.0, 0.0, 0.0, 0.0]
	usedVehicles=6
	currentTime=[66.95653747334536, 38.666666666666664, 29.680555555555554, 51.54494538857638, 59.625, 59.388888888888886]
	currentQuantity=[[19.0, 19.0], [20.0, 20.0], [20.0, 20.0], [20.0, 20.0], [16.0, 16.0], [11.0, 11.0]]
	total_tour_length=12.344055571543045
	costObjectives=[12.344055571543045, 1.2922325205583884]
}

25:

Ant{
	tours=[[-1, 7, 8, 11, 13, 12, 51, 48, 10, 14, 40, 2, -1], [-1, 39, 38, 29, 30, 31, 36, 44, 41, 43, 25, 16, -1], [-1, 21, 20, 19, 28, 23, 45, 15, 18, 17, 37, 57, 24, -1], [-1, 26, 0, 35, 34, 53, 33, 3, 56, 55, 1, -1], [-1, 9, 47, 6, 5, 42, 4, 50, 52, 32, -1], [-1, 58, 54, 46, 22, 49, 27, -1]]
	tour_lengths=[2.025477278190692, 2.4599743645479104, 2.1464284044469824, 1.4423339205583379, 2.2816302675149807, 2.141269085149517]
	beginService=[0.0, 1.0946026152894708, 51.54494538857638, 66.78387623492479, 43.20833333333333, 47.444123405972256, 45.875, 38.43055555555555, 0.1416394309331329, 5.25, 0.21960261528947078, 36.31944444444444, 5.917052171907222, 8.168039224849798, 7.236496616351666, 45.875, 16.159880198899664, 29.041666666666664, 17.219203232285164, 16.721551122634533, 7.680555555555555, 2.833333333333333, 0.4869041150821696, 42.95833333333333, 13.833333333333332, 59.388888888888886, 14.18422620976505, 0.21960261528947078, 54.041666666666664, 8.470934001307603, 6.939264637658177, 7.425375748769288, 8.773585023934086, 61.00565370007278, 38.43055555555555, 2.638601883312613, 1.7163362689038237, 9.676362801711864, 17.66364767672961, 6.152777777777778, 0.268238998830944, 65.69444444444444, 12.183239156822475, 46.441254577975954, 12.69811509865394, 11.280461379044697, 15.598209275164796, 38.666666666666664, 0.9468342788311082, 21.11111111111111, 43.58333333333333, 59.388888888888886, 9.229167273000586, 60.538909932358, 3.9633958389672586, 36.25, 51.10050094413194, 50.23611111111111, 18.330314343396278, 0.26679684322636865, 0.0, 0.0, 0.0, 0.0, 0.0]
	usedVehicles=6
	currentTime=[66.78387623492479, 29.041666666666664, 59.388888888888886, 51.54494538857638, 61.00565370007278, 54.041666666666664]
	currentQuantity=[[20.0, 20.0], [20.0, 20.0], [20.0, 20.0], [20.0, 20.0], [15.0, 15.0], [11.0, 11.0]]
	total_tour_length=12.49711332040842
	costObjectives=[12.49711332040842, 1.0176404439895725]
}

26:

Ant{
	tours=[[-1, 7, 8, 11, 13, 12, 51, 48, 10, 14, 40, 2, -1], [-1, 39, 38, 29, 30, 31, 36, 44, 41, 43, 46, 22, -1], [-1, 21, 20, 19, 28, 23, 45, 15, 18, 17, 37, 16, 57, -1], [-1, 26, 0, 35, 34, 53, 33, 3, 56, 55, 1, -1], [-1, 9, 47, 4, 6, 5, 42, 50, -1], [-1, 58, 54, 49, 27, 24, 25, 52, 32, -1]]
	tour_lengths=[2.025477278190692, 2.3602524276931867, 2.117610780842117, 1.4423339205583379, 1.5967601887252545, 2.0248591445415935]
	beginService=[0.0, 1.0946026152894708, 51.54494538857638, 66.78387623492479, 43.20833333333333, 1.976586162494038, 45.875, 38.43055555555555, 0.1416394309331329, 5.25, 0.21960261528947078, 36.31944444444444, 5.917052171907222, 8.168039224849798, 7.236496616351666, 45.875, 16.159880198899664, 29.041666666666664, 17.219203232285164, 16.721551122634533, 7.680555555555555, 2.833333333333333, 0.4869041150821696, 42.95833333333333, 13.833333333333332, 59.388888888888886, 59.916666666666664, 0.21960261528947078, 54.041666666666664, 8.470934001307603, 6.939264637658177, 7.425375748769288, 8.773585023934086, 61.21302345514028, 38.43055555555555, 2.638601883312613, 1.7163362689038237, 9.676362801711864, 17.66364767672961, 6.152777777777778, 0.268238998830944, 65.69444444444444, 12.183239156822475, 46.441254577975954, 12.69811509865394, 11.280461379044697, 15.598209275164796, 38.666666666666664, 0.9468342788311082, 21.11111111111111, 37.864566798566855, 59.388888888888886, 9.229167273000586, 60.746279687425506, 3.9633958389672586, 36.25, 51.10050094413194, 50.23611111111111, 29.680555555555554, 0.26679684322636865, 0.0, 0.0, 0.0, 0.0, 0.0]
	usedVehicles=6
	currentTime=[66.78387623492479, 42.95833333333333, 29.680555555555554, 51.54494538857638, 59.388888888888886, 61.21302345514028]
	currentQuantity=[[20.0, 20.0], [20.0, 20.0], [20.0, 20.0], [20.0, 20.0], [13.0, 13.0], [13.0, 13.0]]
	total_tour_length=11.567293740551182
	costObjectives=[11.567293740551182, 0.9179185071348488]
}

27:

Ant{
	tours=[[-1, 7, 8, 11, 13, 12, 51, 48, 10, 14, 40, 2, -1], [-1, 39, 38, 29, 30, 31, 36, 44, 41, 43, 22, 25, -1], [-1, 21, 20, 19, 28, 23, 45, 15, 18, 17, 37, 16, 57, -1], [-1, 26, 0, 35, 34, 53, 33, 3, 56, 55, 1, -1], [-1, 9, 47, 4, 6, 5, 42, 50, -1], [-1, 58, 54, 49, 46, 27, 24, 52, 32, -1]]
	tour_lengths=[2.025477278190692, 2.283766887537009, 2.117610780842117, 1.4423339205583379, 1.5967601887252545, 2.325991082825705]
	beginService=[0.0, 1.0946026152894708, 51.54494538857638, 66.78387623492479, 43.20833333333333, 1.976586162494038, 45.875, 38.43055555555555, 0.1416394309331329, 5.25, 0.21960261528947078, 36.31944444444444, 5.917052171907222, 8.168039224849798, 7.236496616351666, 45.875, 16.159880198899664, 29.041666666666664, 17.219203232285164, 16.721551122634533, 7.680555555555555, 2.833333333333333, 0.4869041150821696, 42.95833333333333, 13.833333333333332, 59.388888888888886, 43.41666666666666, 0.21960261528947078, 54.041666666666664, 8.470934001307603, 6.939264637658177, 7.425375748769288, 8.773585023934086, 60.73461368374514, 38.43055555555555, 2.638601883312613, 1.7163362689038237, 9.676362801711864, 17.66364767672961, 6.152777777777778, 0.268238998830944, 65.69444444444444, 12.183239156822475, 46.441254577975954, 12.69811509865394, 11.280461379044697, 15.598209275164796, 39.936160680153336, 0.9468342788311082, 21.11111111111111, 37.864566798566855, 59.388888888888886, 9.229167273000586, 60.267869916030364, 3.9633958389672586, 36.25, 51.10050094413194, 50.23611111111111, 29.680555555555554, 0.26679684322636865, 0.0, 0.0, 0.0, 0.0, 0.0]
	usedVehicles=6
	currentTime=[66.78387623492479, 43.41666666666666, 29.680555555555554, 51.54494538857638, 59.388888888888886, 60.73461368374514]
	currentQuantity=[[20.0, 20.0], [20.0, 20.0], [20.0, 20.0], [20.0, 20.0], [13.0, 13.0], [13.0, 13.0]]
	total_tour_length=11.791940138679117
	costObjectives=[11.791940138679117, 0.8836571622673672]
}

28:

Ant{
	tours=[[-1, 7, 8, 11, 13, 12, 51, 48, 10, 14, 40, 2, -1], [-1, 39, 38, 29, 30, 31, 36, 44, 41, 43, 25, 22, -1], [-1, 21, 20, 19, 28, 23, 45, 15, 18, 17, 37, 16, 57, -1], [-1, 26, 0, 35, 34, 53, 33, 3, 56, 55, 1, -1], [-1, 9, 47, 4, 6, 5, 42, 50, -1], [-1, 58, 54, 49, 46, 27, 24, 52, 32, -1]]
	tour_lengths=[2.025477278190692, 2.221363538804298, 2.117610780842117, 1.4423339205583379, 1.5967601887252545, 2.325991082825705]
	beginService=[0.0, 1.0946026152894708, 51.54494538857638, 66.78387623492479, 43.20833333333333, 1.976586162494038, 45.875, 38.43055555555555, 0.1416394309331329, 5.25, 0.21960261528947078, 36.31944444444444, 5.917052171907222, 8.168039224849798, 7.236496616351666, 45.875, 16.159880198899664, 29.041666666666664, 17.219203232285164, 16.721551122634533, 7.680555555555555, 2.833333333333333, 0.4869041150821696, 42.95833333333333, 13.833333333333332, 59.388888888888886, 14.18422620976505, 0.21960261528947078, 54.041666666666664, 8.470934001307603, 6.939264637658177, 7.425375748769288, 8.773585023934086, 60.73461368374514, 38.43055555555555, 2.638601883312613, 1.7163362689038237, 9.676362801711864, 17.66364767672961, 6.152777777777778, 0.268238998830944, 65.69444444444444, 12.183239156822475, 46.441254577975954, 12.69811509865394, 11.280461379044697, 15.598209275164796, 39.936160680153336, 0.9468342788311082, 21.11111111111111, 37.864566798566855, 59.388888888888886, 9.229167273000586, 60.267869916030364, 3.9633958389672586, 36.25, 51.10050094413194, 50.23611111111111, 29.680555555555554, 0.26679684322636865, 0.0, 0.0, 0.0, 0.0, 0.0]
	usedVehicles=6
	currentTime=[66.78387623492479, 42.95833333333333, 29.680555555555554, 51.54494538857638, 59.388888888888886, 60.73461368374514]
	currentQuantity=[[20.0, 20.0], [20.0, 20.0], [20.0, 20.0], [20.0, 20.0], [13.0, 13.0], [13.0, 13.0]]
	total_tour_length=11.729536789946405
	costObjectives=[11.729536789946405, 0.8836571622673672]
}

29:

Ant{
	tours=[[-1, 7, 8, 11, 13, 12, 51, 48, 54, 57, 25, 22, 27, -1], [-1, 39, 38, 29, 30, 31, 36, 44, 41, 43, 46, 32, -1], [-1, 21, 20, 19, 28, 23, 45, 15, 18, 17, 37, 16, 24, -1], [-1, 26, 0, 35, 34, 53, 33, 3, 56, 55, 1, -1], [-1, 9, 47, 4, 2, 10, 42, 6, 5, 50, 52, -1], [-1, 58, 49, 14, 40, -1]]
	tour_lengths=[2.0926098488127227, 2.4788777007834204, 2.063095071113649, 1.4423339205583379, 3.019448430339388, 1.9337768744421449]
	beginService=[0.0, 1.0946026152894708, 51.54494538857638, 3.146133896852654, 43.20833333333333, 1.976586162494038, 45.875, 39.64163943093313, 0.1416394309331329, 5.25, 0.21960261528947078, 36.31944444444444, 5.917052171907222, 8.168039224849798, 7.236496616351666, 45.875, 16.159880198899664, 29.041666666666664, 17.219203232285164, 16.721551122634533, 7.680555555555555, 2.833333333333333, 0.4869041150821696, 42.95833333333333, 13.833333333333332, 59.388888888888886, 38.23764958717048, 0.21960261528947078, 54.041666666666664, 8.470934001307603, 6.939264637658177, 7.425375748769288, 8.773585023934086, 39.54918082864579, 38.43055555555555, 2.638601883312613, 1.7163362689038237, 9.676362801711864, 17.66364767672961, 6.152777777777778, 0.268238998830944, 65.69444444444444, 12.183239156822475, 38.666666666666664, 12.69811509865394, 11.280461379044697, 15.598209275164796, 38.666666666666664, 0.9468342788311082, 21.11111111111111, 1.096409863985216, 59.388888888888886, 9.229167273000586, 60.538909932358, 3.9633958389672586, 36.25, 51.10050094413194, 50.23611111111111, 37.75153847605937, 0.26679684322636865, 0.0, 0.0, 0.0, 0.0, 0.0]
	usedVehicles=6
	currentTime=[54.041666666666664, 39.54918082864579, 59.388888888888886, 51.54494538857638, 60.538909932358, 65.69444444444444]
	currentQuantity=[[20.0, 20.0], [20.0, 20.0], [20.0, 20.0], [20.0, 20.0], [17.0, 17.0], [9.0, 9.0]]
	total_tour_length=13.030141846049663
	costObjectives=[13.030141846049663, 1.57711450978105]
}

30:

Ant{
	tours=[[-1, 7, 8, 11, 13, 12, 51, 48, 10, 14, 40, 2, -1], [-1, 39, 38, 29, 30, 31, 36, 44, 41, 43, 46, 22, -1], [-1, 21, 20, 19, 28, 23, 45, 15, 18, 17, 37, 16, 57, -1], [-1, 26, 0, 35, 34, 53, 33, 3, 56, 55, 1, -1], [-1, 9, 47, 4, 6, 5, 42, 50, -1], [-1, 58, 54, 49, 27, 24, 25, 52, 32, -1]]
	tour_lengths=[2.025477278190692, 2.3602524276931867, 2.117610780842117, 1.4423339205583379, 1.5967601887252545, 2.0248591445415935]
	beginService=[0.0, 1.0946026152894708, 51.54494538857638, 66.78387623492479, 43.20833333333333, 1.976586162494038, 45.875, 38.43055555555555, 0.1416394309331329, 5.25, 0.21960261528947078, 36.31944444444444, 5.917052171907222, 8.168039224849798, 7.236496616351666, 45.875, 16.159880198899664, 29.041666666666664, 17.219203232285164, 16.721551122634533, 7.680555555555555, 2.833333333333333, 0.4869041150821696, 42.95833333333333, 13.833333333333332, 59.388888888888886, 59.916666666666664, 0.21960261528947078, 54.041666666666664, 8.470934001307603, 6.939264637658177, 7.425375748769288, 8.773585023934086, 61.21302345514028, 38.43055555555555, 2.638601883312613, 1.7163362689038237, 9.676362801711864, 17.66364767672961, 6.152777777777778, 0.268238998830944, 65.69444444444444, 12.183239156822475, 46.441254577975954, 12.69811509865394, 11.280461379044697, 15.598209275164796, 38.666666666666664, 0.9468342788311082, 21.11111111111111, 37.864566798566855, 59.388888888888886, 9.229167273000586, 60.746279687425506, 3.9633958389672586, 36.25, 51.10050094413194, 50.23611111111111, 29.680555555555554, 0.26679684322636865, 0.0, 0.0, 0.0, 0.0, 0.0]
	usedVehicles=6
	currentTime=[66.78387623492479, 42.95833333333333, 29.680555555555554, 51.54494538857638, 59.388888888888886, 61.21302345514028]
	currentQuantity=[[20.0, 20.0], [20.0, 20.0], [20.0, 20.0], [20.0, 20.0], [13.0, 13.0], [13.0, 13.0]]
	total_tour_length=11.567293740551182
	costObjectives=[11.567293740551182, 0.9179185071348488]
}

31:

Ant{
	tours=[[-1, 7, 8, 11, 13, 12, 51, 48, 10, 3, 56, 40, -1], [-1, 39, 38, 29, 30, 31, 36, 44, 41, 43, -1], [-1, 21, 20, 19, 28, 23, 45, 15, 18, 17, 37, -1], [-1, 26, 0, 35, 34, 53, 33, 14, -1], [-1, 9, 47, 42, 6, 5, 4, 50, 2, 55, 52, 32, 1, -1], [-1, 58, 16, 54, 57, 25, 46, 22, 49, 27, 24, -1]]
	tour_lengths=[1.7773178095830904, 2.133791774632659, 1.8789999550985046, 2.1920953468645807, 2.236043209879954, 2.3221524841133423]
	beginService=[0.0, 1.0946026152894708, 62.96277984200325, 60.2035152439415, 43.20833333333333, 46.33333333333333, 45.875, 39.64163943093313, 0.1416394309331329, 5.25, 0.21960261528947078, 36.31944444444444, 5.917052171907222, 8.168039224849798, 7.236496616351666, 45.875, 16.159880198899664, 29.041666666666664, 17.219203232285164, 16.721551122634533, 7.680555555555555, 2.833333333333333, 0.4869041150821696, 42.95833333333333, 13.833333333333332, 59.388888888888886, 38.23764958717048, 0.21960261528947078, 54.041666666666664, 8.470934001307603, 6.939264637658177, 7.425375748769288, 8.773585023934086, 62.28259003698922, 38.43055555555555, 2.638601883312613, 1.7163362689038237, 9.676362801711864, 17.66364767672961, 6.152777777777778, 0.268238998830944, 65.69444444444444, 12.183239156822475, 38.666666666666664, 12.69811509865394, 11.280461379044697, 15.598209275164796, 38.9598718093927, 0.9468342788311082, 21.11111111111111, 43.58333333333333, 59.388888888888886, 9.229167273000586, 61.815846269274445, 3.9633958389672586, 36.25, 61.076132287340755, 50.23611111111111, 37.75153847605937, 0.26679684322636865, 0.0, 0.0, 0.0, 0.0, 0.0]
	usedVehicles=6
	currentTime=[65.69444444444444, 12.69811509865394, 17.66364767672961, 45.875, 62.96277984200325, 59.388888888888886]
	currentQuantity=[[19.0, 19.0], [18.0, 18.0], [18.0, 18.0], [17.0, 17.0], [19.0, 19.0], [15.0, 15.0]]
	total_tour_length=12.54040058017213
	costObjectives=[12.54040058017213, 0.5448346745302519]
}

32:

Ant{
	tours=[[-1, 7, 8, 11, 13, 12, 51, 48, 10, 14, 40, 2, -1], [-1, 39, 38, 29, 30, 31, 36, 44, 41, 43, 46, 22, -1], [-1, 21, 20, 19, 28, 23, 45, 15, 18, 17, 37, 16, 57, -1], [-1, 26, 0, 35, 34, 53, 33, 3, 56, 55, 1, -1], [-1, 9, 47, 4, 6, 5, 42, 50, -1], [-1, 58, 54, 49, 27, 24, 25, 52, 32, -1]]
	tour_lengths=[2.025477278190692, 2.3602524276931867, 2.117610780842117, 1.4423339205583379, 1.5967601887252545, 2.0248591445415935]
	beginService=[0.0, 1.0946026152894708, 51.54494538857638, 66.78387623492479, 43.20833333333333, 1.976586162494038, 45.875, 38.43055555555555, 0.1416394309331329, 5.25, 0.21960261528947078, 36.31944444444444, 5.917052171907222, 8.168039224849798, 7.236496616351666, 45.875, 16.159880198899664, 29.041666666666664, 17.219203232285164, 16.721551122634533, 7.680555555555555, 2.833333333333333, 0.4869041150821696, 42.95833333333333, 13.833333333333332, 59.388888888888886, 59.916666666666664, 0.21960261528947078, 54.041666666666664, 8.470934001307603, 6.939264637658177, 7.425375748769288, 8.773585023934086, 61.21302345514028, 38.43055555555555, 2.638601883312613, 1.7163362689038237, 9.676362801711864, 17.66364767672961, 6.152777777777778, 0.268238998830944, 65.69444444444444, 12.183239156822475, 46.441254577975954, 12.69811509865394, 11.280461379044697, 15.598209275164796, 38.666666666666664, 0.9468342788311082, 21.11111111111111, 37.864566798566855, 59.388888888888886, 9.229167273000586, 60.746279687425506, 3.9633958389672586, 36.25, 51.10050094413194, 50.23611111111111, 29.680555555555554, 0.26679684322636865, 0.0, 0.0, 0.0, 0.0, 0.0]
	usedVehicles=6
	currentTime=[66.78387623492479, 42.95833333333333, 29.680555555555554, 51.54494538857638, 59.388888888888886, 61.21302345514028]
	currentQuantity=[[20.0, 20.0], [20.0, 20.0], [20.0, 20.0], [20.0, 20.0], [13.0, 13.0], [13.0, 13.0]]
	total_tour_length=11.567293740551182
	costObjectives=[11.567293740551182, 0.9179185071348488]
}

33:

Ant{
	tours=[[-1, 7, 8, 11, 13, 12, 51, 48, 10, 14, 40, 2, -1], [-1, 39, 38, 29, 30, 31, 36, 44, 41, 43, 25, 22, -1], [-1, 21, 20, 19, 28, 23, 45, 15, 18, 17, 37, 16, 57, -1], [-1, 26, 0, 35, 34, 53, 33, 3, 56, 55, 1, -1], [-1, 9, 47, 4, 6, 5, 42, 50, -1], [-1, 58, 54, 49, 46, 27, 24, 52, 32, -1]]
	tour_lengths=[2.025477278190692, 2.221363538804298, 2.117610780842117, 1.4423339205583379, 1.5967601887252545, 2.325991082825705]
	beginService=[0.0, 1.0946026152894708, 51.54494538857638, 66.78387623492479, 43.20833333333333, 1.976586162494038, 45.875, 38.43055555555555, 0.1416394309331329, 5.25, 0.21960261528947078, 36.31944444444444, 5.917052171907222, 8.168039224849798, 7.236496616351666, 45.875, 16.159880198899664, 29.041666666666664, 17.219203232285164, 16.721551122634533, 7.680555555555555, 2.833333333333333, 0.4869041150821696, 42.95833333333333, 13.833333333333332, 59.388888888888886, 14.18422620976505, 0.21960261528947078, 54.041666666666664, 8.470934001307603, 6.939264637658177, 7.425375748769288, 8.773585023934086, 60.73461368374514, 38.43055555555555, 2.638601883312613, 1.7163362689038237, 9.676362801711864, 17.66364767672961, 6.152777777777778, 0.268238998830944, 65.69444444444444, 12.183239156822475, 46.441254577975954, 12.69811509865394, 11.280461379044697, 15.598209275164796, 39.936160680153336, 0.9468342788311082, 21.11111111111111, 37.864566798566855, 59.388888888888886, 9.229167273000586, 60.267869916030364, 3.9633958389672586, 36.25, 51.10050094413194, 50.23611111111111, 29.680555555555554, 0.26679684322636865, 0.0, 0.0, 0.0, 0.0, 0.0]
	usedVehicles=6
	currentTime=[66.78387623492479, 42.95833333333333, 29.680555555555554, 51.54494538857638, 59.388888888888886, 60.73461368374514]
	currentQuantity=[[20.0, 20.0], [20.0, 20.0], [20.0, 20.0], [20.0, 20.0], [13.0, 13.0], [13.0, 13.0]]
	total_tour_length=11.729536789946405
	costObjectives=[11.729536789946405, 0.8836571622673672]
}

34:

Ant{
	tours=[[-1, 7, 8, 11, 13, 12, 51, 48, 10, 14, 40, 2, -1], [-1, 39, 38, 29, 30, 31, 36, 44, 41, 43, 46, 22, -1], [-1, 21, 20, 19, 28, 23, 45, 15, 18, 17, 37, 16, 57, -1], [-1, 26, 0, 35, 34, 53, 33, 3, 56, 55, 1, -1], [-1, 9, 47, 4, 6, 5, 42, 50, -1], [-1, 58, 54, 49, 27, 24, 25, 52, 32, -1]]
	tour_lengths=[2.025477278190692, 2.3602524276931867, 2.117610780842117, 1.4423339205583379, 1.5967601887252545, 2.0248591445415935]
	beginService=[0.0, 1.0946026152894708, 51.54494538857638, 66.78387623492479, 43.20833333333333, 1.976586162494038, 45.875, 38.43055555555555, 0.1416394309331329, 5.25, 0.21960261528947078, 36.31944444444444, 5.917052171907222, 8.168039224849798, 7.236496616351666, 45.875, 16.159880198899664, 29.041666666666664, 17.219203232285164, 16.721551122634533, 7.680555555555555, 2.833333333333333, 0.4869041150821696, 42.95833333333333, 13.833333333333332, 59.388888888888886, 59.916666666666664, 0.21960261528947078, 54.041666666666664, 8.470934001307603, 6.939264637658177, 7.425375748769288, 8.773585023934086, 61.21302345514028, 38.43055555555555, 2.638601883312613, 1.7163362689038237, 9.676362801711864, 17.66364767672961, 6.152777777777778, 0.268238998830944, 65.69444444444444, 12.183239156822475, 46.441254577975954, 12.69811509865394, 11.280461379044697, 15.598209275164796, 38.666666666666664, 0.9468342788311082, 21.11111111111111, 37.864566798566855, 59.388888888888886, 9.229167273000586, 60.746279687425506, 3.9633958389672586, 36.25, 51.10050094413194, 50.23611111111111, 29.680555555555554, 0.26679684322636865, 0.0, 0.0, 0.0, 0.0, 0.0]
	usedVehicles=6
	currentTime=[66.78387623492479, 42.95833333333333, 29.680555555555554, 51.54494538857638, 59.388888888888886, 61.21302345514028]
	currentQuantity=[[20.0, 20.0], [20.0, 20.0], [20.0, 20.0], [20.0, 20.0], [13.0, 13.0], [13.0, 13.0]]
	total_tour_length=11.567293740551182
	costObjectives=[11.567293740551182, 0.9179185071348488]
}

35:

Ant{
	tours=[[-1, 7, 8, 11, 13, 12, 51, 48, 10, 14, 40, 2, -1], [-1, 39, 38, 29, 30, 31, 36, 44, 41, 43, 46, 22, -1], [-1, 21, 20, 19, 28, 23, 45, 15, 18, 17, 37, 16, 57, -1], [-1, 26, 0, 35, 34, 53, 33, 3, 56, 55, 1, -1], [-1, 9, 47, 4, 6, 5, 42, 50, -1], [-1, 58, 54, 49, 27, 24, 25, 52, 32, -1]]
	tour_lengths=[2.025477278190692, 2.3602524276931867, 2.117610780842117, 1.4423339205583379, 1.5967601887252545, 2.0248591445415935]
	beginService=[0.0, 1.0946026152894708, 51.54494538857638, 66.78387623492479, 43.20833333333333, 1.976586162494038, 45.875, 38.43055555555555, 0.1416394309331329, 5.25, 0.21960261528947078, 36.31944444444444, 5.917052171907222, 8.168039224849798, 7.236496616351666, 45.875, 16.159880198899664, 29.041666666666664, 17.219203232285164, 16.721551122634533, 7.680555555555555, 2.833333333333333, 0.4869041150821696, 42.95833333333333, 13.833333333333332, 59.388888888888886, 59.916666666666664, 0.21960261528947078, 54.041666666666664, 8.470934001307603, 6.939264637658177, 7.425375748769288, 8.773585023934086, 61.21302345514028, 38.43055555555555, 2.638601883312613, 1.7163362689038237, 9.676362801711864, 17.66364767672961, 6.152777777777778, 0.268238998830944, 65.69444444444444, 12.183239156822475, 46.441254577975954, 12.69811509865394, 11.280461379044697, 15.598209275164796, 38.666666666666664, 0.9468342788311082, 21.11111111111111, 37.864566798566855, 59.388888888888886, 9.229167273000586, 60.746279687425506, 3.9633958389672586, 36.25, 51.10050094413194, 50.23611111111111, 29.680555555555554, 0.26679684322636865, 0.0, 0.0, 0.0, 0.0, 0.0]
	usedVehicles=6
	currentTime=[66.78387623492479, 42.95833333333333, 29.680555555555554, 51.54494538857638, 59.388888888888886, 61.21302345514028]
	currentQuantity=[[20.0, 20.0], [20.0, 20.0], [20.0, 20.0], [20.0, 20.0], [13.0, 13.0], [13.0, 13.0]]
	total_tour_length=11.567293740551182
	costObjectives=[11.567293740551182, 0.9179185071348488]
}

36:

Ant{
	tours=[[-1, 7, 8, 11, 13, 12, 51, 48, 10, 14, 40, 2, -1], [-1, 39, 38, 29, 30, 31, 36, 44, 41, 43, 46, 22, -1], [-1, 21, 20, 19, 28, 23, 45, 15, 18, 17, 37, 16, 57, -1], [-1, 26, 0, 35, 34, 53, 33, 3, 56, 55, 1, -1], [-1, 9, 47, 42, 6, 5, 4, 50, -1], [-1, 58, 54, 49, 27, 24, 25, 52, 32, -1]]
	tour_lengths=[2.025477278190692, 2.3602524276931867, 2.117610780842117, 1.4423339205583379, 1.4805791023619108, 2.0248591445415935]
	beginService=[0.0, 1.0946026152894708, 51.54494538857638, 66.78387623492479, 43.20833333333333, 46.33333333333333, 45.875, 39.64163943093313, 0.1416394309331329, 5.25, 0.21960261528947078, 36.31944444444444, 5.917052171907222, 8.168039224849798, 7.236496616351666, 45.875, 16.159880198899664, 29.041666666666664, 17.219203232285164, 16.721551122634533, 7.680555555555555, 2.833333333333333, 0.4869041150821696, 42.95833333333333, 13.833333333333332, 59.388888888888886, 59.916666666666664, 0.21960261528947078, 54.041666666666664, 8.470934001307603, 6.939264637658177, 7.425375748769288, 8.773585023934086, 61.21302345514028, 38.43055555555555, 2.638601883312613, 1.7163362689038237, 9.676362801711864, 17.66364767672961, 6.152777777777778, 0.268238998830944, 65.69444444444444, 12.183239156822475, 38.666666666666664, 12.69811509865394, 11.280461379044697, 15.598209275164796, 38.666666666666664, 0.9468342788311082, 21.11111111111111, 37.864566798566855, 59.388888888888886, 9.229167273000586, 60.746279687425506, 3.9633958389672586, 36.25, 51.10050094413194, 50.23611111111111, 29.680555555555554, 0.26679684322636865, 0.0, 0.0, 0.0, 0.0, 0.0]
	usedVehicles=6
	currentTime=[66.78387623492479, 42.95833333333333, 29.680555555555554, 51.54494538857638, 59.388888888888886, 61.21302345514028]
	currentQuantity=[[20.0, 20.0], [20.0, 20.0], [20.0, 20.0], [20.0, 20.0], [13.0, 13.0], [13.0, 13.0]]
	total_tour_length=11.451112654187838
	costObjectives=[11.451112654187838, 0.9179185071348488]
}

37:

Ant{
	tours=[[-1, 7, 8, 11, 13, 12, 51, 48, 10, 14, 40, 2, -1], [-1, 39, 38, 29, 30, 31, 36, 44, 41, 43, 46, 22, -1], [-1, 21, 20, 19, 28, 23, 45, 15, 18, 17, 37, 16, 57, -1], [-1, 26, 0, 35, 34, 53, 33, 3, 56, 55, 1, -1], [-1, 9, 47, 4, 6, 5, 42, 50, -1], [-1, 58, 54, 49, 27, 24, 25, 52, 32, -1]]
	tour_lengths=[2.025477278190692, 2.3602524276931867, 2.117610780842117, 1.4423339205583379, 1.5967601887252545, 2.0248591445415935]
	beginService=[0.0, 1.0946026152894708, 51.54494538857638, 66.78387623492479, 43.20833333333333, 1.976586162494038, 45.875, 38.43055555555555, 0.1416394309331329, 5.25, 0.21960261528947078, 36.31944444444444, 5.917052171907222, 8.168039224849798, 7.236496616351666, 45.875, 16.159880198899664, 29.041666666666664, 17.219203232285164, 16.721551122634533, 7.680555555555555, 2.833333333333333, 0.4869041150821696, 42.95833333333333, 13.833333333333332, 59.388888888888886, 59.916666666666664, 0.21960261528947078, 54.041666666666664, 8.470934001307603, 6.939264637658177, 7.425375748769288, 8.773585023934086, 61.21302345514028, 38.43055555555555, 2.638601883312613, 1.7163362689038237, 9.676362801711864, 17.66364767672961, 6.152777777777778, 0.268238998830944, 65.69444444444444, 12.183239156822475, 46.441254577975954, 12.69811509865394, 11.280461379044697, 15.598209275164796, 38.666666666666664, 0.9468342788311082, 21.11111111111111, 37.864566798566855, 59.388888888888886, 9.229167273000586, 60.746279687425506, 3.9633958389672586, 36.25, 51.10050094413194, 50.23611111111111, 29.680555555555554, 0.26679684322636865, 0.0, 0.0, 0.0, 0.0, 0.0]
	usedVehicles=6
	currentTime=[66.78387623492479, 42.95833333333333, 29.680555555555554, 51.54494538857638, 59.388888888888886, 61.21302345514028]
	currentQuantity=[[20.0, 20.0], [20.0, 20.0], [20.0, 20.0], [20.0, 20.0], [13.0, 13.0], [13.0, 13.0]]
	total_tour_length=11.567293740551182
	costObjectives=[11.567293740551182, 0.9179185071348488]
}

38:

Ant{
	tours=[[-1, 7, 8, 11, 13, 12, 51, 48, 10, 14, 40, 2, -1], [-1, 39, 38, 29, 30, 31, 36, 44, 41, 43, 46, 22, -1], [-1, 21, 20, 19, 28, 23, 45, 15, 18, 17, 37, 16, 57, -1], [-1, 26, 0, 35, 34, 53, 33, 3, 56, 55, 1, -1], [-1, 9, 47, 4, 6, 5, 42, 50, -1], [-1, 58, 54, 49, 27, 24, 25, 52, 32, -1]]
	tour_lengths=[2.025477278190692, 2.3602524276931867, 2.117610780842117, 1.4423339205583379, 1.5967601887252545, 2.0248591445415935]
	beginService=[0.0, 1.0946026152894708, 51.54494538857638, 66.78387623492479, 43.20833333333333, 1.976586162494038, 45.875, 38.43055555555555, 0.1416394309331329, 5.25, 0.21960261528947078, 36.31944444444444, 5.917052171907222, 8.168039224849798, 7.236496616351666, 45.875, 16.159880198899664, 29.041666666666664, 17.219203232285164, 16.721551122634533, 7.680555555555555, 2.833333333333333, 0.4869041150821696, 42.95833333333333, 13.833333333333332, 59.388888888888886, 59.916666666666664, 0.21960261528947078, 54.041666666666664, 8.470934001307603, 6.939264637658177, 7.425375748769288, 8.773585023934086, 61.21302345514028, 38.43055555555555, 2.638601883312613, 1.7163362689038237, 9.676362801711864, 17.66364767672961, 6.152777777777778, 0.268238998830944, 65.69444444444444, 12.183239156822475, 46.441254577975954, 12.69811509865394, 11.280461379044697, 15.598209275164796, 38.666666666666664, 0.9468342788311082, 21.11111111111111, 37.864566798566855, 59.388888888888886, 9.229167273000586, 60.746279687425506, 3.9633958389672586, 36.25, 51.10050094413194, 50.23611111111111, 29.680555555555554, 0.26679684322636865, 0.0, 0.0, 0.0, 0.0, 0.0]
	usedVehicles=6
	currentTime=[66.78387623492479, 42.95833333333333, 29.680555555555554, 51.54494538857638, 59.388888888888886, 61.21302345514028]
	currentQuantity=[[20.0, 20.0], [20.0, 20.0], [20.0, 20.0], [20.0, 20.0], [13.0, 13.0], [13.0, 13.0]]
	total_tour_length=11.567293740551182
	costObjectives=[11.567293740551182, 0.9179185071348488]
}

39:

Ant{
	tours=[[-1, 7, 8, 11, 13, 12, 51, 48, 10, 14, 40, 2, -1], [-1, 39, 38, 29, 30, 31, 36, 44, 41, 43, 32, 52, -1], [-1, 21, 20, 19, 28, 23, 45, 15, 18, 17, 37, 16, 57, -1], [-1, 26, 0, 35, 34, 53, 33, 3, 56, 55, 1, -1], [-1, 9, 47, 4, 6, 5, 42, 50, -1], [-1, 58, 54, 46, 22, 49, 27, 24, 25, -1]]
	tour_lengths=[2.025477278190692, 2.460519641942099, 2.117610780842117, 1.4423339205583379, 1.5967601887252545, 2.399178107875784]
	beginService=[0.0, 1.0946026152894708, 51.54494538857638, 66.78387623492479, 43.20833333333333, 1.976586162494038, 45.875, 38.43055555555555, 0.1416394309331329, 5.25, 0.21960261528947078, 36.31944444444444, 5.917052171907222, 8.168039224849798, 7.236496616351666, 45.875, 16.159880198899664, 29.041666666666664, 17.219203232285164, 16.721551122634533, 7.680555555555555, 2.833333333333333, 0.4869041150821696, 42.95833333333333, 13.833333333333332, 59.388888888888886, 59.916666666666664, 0.21960261528947078, 54.041666666666664, 8.470934001307603, 6.939264637658177, 7.425375748769288, 8.773585023934086, 14.387320329232882, 38.43055555555555, 2.638601883312613, 1.7163362689038237, 9.676362801711864, 17.66364767672961, 6.152777777777778, 0.268238998830944, 65.69444444444444, 12.183239156822475, 46.441254577975954, 12.69811509865394, 11.280461379044697, 15.598209275164796, 38.666666666666664, 0.9468342788311082, 21.11111111111111, 43.58333333333333, 59.388888888888886, 9.229167273000586, 59.625, 3.9633958389672586, 36.25, 51.10050094413194, 50.23611111111111, 29.680555555555554, 0.26679684322636865, 0.0, 0.0, 0.0, 0.0, 0.0]
	usedVehicles=6
	currentTime=[66.78387623492479, 59.625, 29.680555555555554, 51.54494538857638, 59.388888888888886, 59.916666666666664]
	currentQuantity=[[20.0, 20.0], [20.0, 20.0], [20.0, 20.0], [20.0, 20.0], [13.0, 13.0], [13.0, 13.0]]
	total_tour_length=12.041879918134285
	costObjectives=[12.041879918134285, 1.0181857213837613]
}

40:

Ant{
	tours=[[-1, 7, 8, 11, 13, 12, 51, 48, 10, 14, 40, 2, -1], [-1, 39, 38, 29, 30, 31, 36, 44, 41, 43, 25, 22, -1], [-1, 21, 20, 19, 28, 23, 45, 15, 18, 17, 37, 16, 57, -1], [-1, 26, 0, 35, 34, 53, 33, 3, 56, 55, 1, -1], [-1, 9, 47, 4, 6, 5, 42, 50, -1], [-1, 58, 54, 49, 46, 27, 24, 52, 32, -1]]
	tour_lengths=[2.025477278190692, 2.221363538804298, 2.117610780842117, 1.4423339205583379, 1.5967601887252545, 2.325991082825705]
	beginService=[0.0, 1.0946026152894708, 51.54494538857638, 66.78387623492479, 43.20833333333333, 1.976586162494038, 45.875, 38.43055555555555, 0.1416394309331329, 5.25, 0.21960261528947078, 36.31944444444444, 5.917052171907222, 8.168039224849798, 7.236496616351666, 45.875, 16.159880198899664, 29.041666666666664, 17.219203232285164, 16.721551122634533, 7.680555555555555, 2.833333333333333, 0.4869041150821696, 42.95833333333333, 13.833333333333332, 59.388888888888886, 14.18422620976505, 0.21960261528947078, 54.041666666666664, 8.470934001307603, 6.939264637658177, 7.425375748769288, 8.773585023934086, 60.73461368374514, 38.43055555555555, 2.638601883312613, 1.7163362689038237, 9.676362801711864, 17.66364767672961, 6.152777777777778, 0.268238998830944, 65.69444444444444, 12.183239156822475, 46.441254577975954, 12.69811509865394, 11.280461379044697, 15.598209275164796, 39.936160680153336, 0.9468342788311082, 21.11111111111111, 37.864566798566855, 59.388888888888886, 9.229167273000586, 60.267869916030364, 3.9633958389672586, 36.25, 51.10050094413194, 50.23611111111111, 29.680555555555554, 0.26679684322636865, 0.0, 0.0, 0.0, 0.0, 0.0]
	usedVehicles=6
	currentTime=[66.78387623492479, 42.95833333333333, 29.680555555555554, 51.54494538857638, 59.388888888888886, 60.73461368374514]
	currentQuantity=[[20.0, 20.0], [20.0, 20.0], [20.0, 20.0], [20.0, 20.0], [13.0, 13.0], [13.0, 13.0]]
	total_tour_length=11.729536789946405
	costObjectives=[11.729536789946405, 0.8836571622673672]
}

41:

Ant{
	tours=[[-1, 7, 8, 11, 13, 12, 51, 48, 10, 14, 40, 2, -1], [-1, 39, 38, 29, 30, 31, 36, 44, 41, 43, 46, 22, -1], [-1, 21, 20, 19, 28, 23, 45, 15, 18, 17, 37, 16, 57, -1], [-1, 26, 0, 35, 34, 53, 33, 3, 56, 55, 1, -1], [-1, 9, 47, 4, 6, 5, 42, 50, -1], [-1, 58, 54, 49, 27, 24, 25, 52, 32, -1]]
	tour_lengths=[2.025477278190692, 2.3602524276931867, 2.117610780842117, 1.4423339205583379, 1.5967601887252545, 2.0248591445415935]
	beginService=[0.0, 1.0946026152894708, 51.54494538857638, 66.78387623492479, 43.20833333333333, 1.976586162494038, 45.875, 38.43055555555555, 0.1416394309331329, 5.25, 0.21960261528947078, 36.31944444444444, 5.917052171907222, 8.168039224849798, 7.236496616351666, 45.875, 16.159880198899664, 29.041666666666664, 17.219203232285164, 16.721551122634533, 7.680555555555555, 2.833333333333333, 0.4869041150821696, 42.95833333333333, 13.833333333333332, 59.388888888888886, 59.916666666666664, 0.21960261528947078, 54.041666666666664, 8.470934001307603, 6.939264637658177, 7.425375748769288, 8.773585023934086, 61.21302345514028, 38.43055555555555, 2.638601883312613, 1.7163362689038237, 9.676362801711864, 17.66364767672961, 6.152777777777778, 0.268238998830944, 65.69444444444444, 12.183239156822475, 46.441254577975954, 12.69811509865394, 11.280461379044697, 15.598209275164796, 38.666666666666664, 0.9468342788311082, 21.11111111111111, 37.864566798566855, 59.388888888888886, 9.229167273000586, 60.746279687425506, 3.9633958389672586, 36.25, 51.10050094413194, 50.23611111111111, 29.680555555555554, 0.26679684322636865, 0.0, 0.0, 0.0, 0.0, 0.0]
	usedVehicles=6
	currentTime=[66.78387623492479, 42.95833333333333, 29.680555555555554, 51.54494538857638, 59.388888888888886, 61.21302345514028]
	currentQuantity=[[20.0, 20.0], [20.0, 20.0], [20.0, 20.0], [20.0, 20.0], [13.0, 13.0], [13.0, 13.0]]
	total_tour_length=11.567293740551182
	costObjectives=[11.567293740551182, 0.9179185071348488]
}

42:

Ant{
	tours=[[-1, 7, 8, 11, 13, 12, 51, 48, 10, 14, 40, 2, -1], [-1, 39, 38, 29, 30, 31, 36, 44, 41, 43, 22, 27, -1], [-1, 21, 20, 19, 28, 23, 45, 15, 18, 17, 37, 57, 24, -1], [-1, 26, 0, 35, 34, 53, 33, 3, 56, 55, 1, -1], [-1, 9, 47, 6, 5, 42, 4, 50, -1], [-1, 58, 16, 54, 49, 25, 46, 32, 52, -1]]
	tour_lengths=[2.025477278190692, 2.442524531477409, 2.1464284044469824, 1.4423339205583379, 1.7300122425051898, 2.1317354774139163]
	beginService=[0.0, 1.0946026152894708, 51.54494538857638, 66.78387623492479, 43.20833333333333, 47.444123405972256, 45.875, 38.43055555555555, 0.1416394309331329, 5.25, 0.21960261528947078, 36.31944444444444, 5.917052171907222, 8.168039224849798, 7.236496616351666, 45.875, 16.159880198899664, 29.041666666666664, 17.219203232285164, 16.721551122634533, 7.680555555555555, 2.833333333333333, 0.4869041150821696, 42.95833333333333, 13.833333333333332, 59.388888888888886, 39.74369261163322, 0.21960261528947078, 54.041666666666664, 8.470934001307603, 6.939264637658177, 7.425375748769288, 8.773585023934086, 41.34842899583457, 38.43055555555555, 2.638601883312613, 1.7163362689038237, 9.676362801711864, 17.66364767672961, 6.152777777777778, 0.268238998830944, 65.69444444444444, 12.183239156822475, 46.441254577975954, 12.69811509865394, 11.280461379044697, 15.598209275164796, 40.46591483385544, 0.9468342788311082, 21.11111111111111, 37.864566798566855, 59.388888888888886, 9.229167273000586, 59.625, 3.9633958389672586, 36.25, 51.10050094413194, 50.23611111111111, 18.330314343396278, 0.26679684322636865, 0.0, 0.0, 0.0, 0.0, 0.0]
	usedVehicles=6
	currentTime=[66.78387623492479, 54.041666666666664, 59.388888888888886, 51.54494538857638, 59.388888888888886, 59.625]
	currentQuantity=[[20.0, 20.0], [20.0, 20.0], [20.0, 20.0], [20.0, 20.0], [13.0, 13.0], [13.0, 13.0]]
	total_tour_length=11.918511854592527
	costObjectives=[11.918511854592527, 1.000190610919071]
}

43:

Ant{
	tours=[[-1, 7, 8, 11, 13, 12, 51, 48, 10, 14, 40, 2, -1], [-1, 39, 38, 29, 30, 31, 36, 44, 41, 43, 32, 52, -1], [-1, 21, 20, 19, 28, 23, 45, 15, 18, 17, 37, 16, 57, -1], [-1, 26, 0, 35, 34, 53, 33, 3, 56, 55, 1, -1], [-1, 9, 47, 42, 6, 5, 4, 50, -1], [-1, 58, 54, 46, 22, 49, 27, 24, 25, -1]]
	tour_lengths=[2.025477278190692, 2.460519641942099, 2.117610780842117, 1.4423339205583379, 1.4805791023619108, 2.399178107875784]
	beginService=[0.0, 1.0946026152894708, 51.54494538857638, 66.78387623492479, 43.20833333333333, 46.33333333333333, 45.875, 39.64163943093313, 0.1416394309331329, 5.25, 0.21960261528947078, 36.31944444444444, 5.917052171907222, 8.168039224849798, 7.236496616351666, 45.875, 16.159880198899664, 29.041666666666664, 17.219203232285164, 16.721551122634533, 7.680555555555555, 2.833333333333333, 0.4869041150821696, 42.95833333333333, 13.833333333333332, 59.388888888888886, 59.916666666666664, 0.21960261528947078, 54.041666666666664, 8.470934001307603, 6.939264637658177, 7.425375748769288, 8.773585023934086, 14.387320329232882, 38.43055555555555, 2.638601883312613, 1.7163362689038237, 9.676362801711864, 17.66364767672961, 6.152777777777778, 0.268238998830944, 65.69444444444444, 12.183239156822475, 38.666666666666664, 12.69811509865394, 11.280461379044697, 15.598209275164796, 38.666666666666664, 0.9468342788311082, 21.11111111111111, 43.58333333333333, 59.388888888888886, 9.229167273000586, 59.625, 3.9633958389672586, 36.25, 51.10050094413194, 50.23611111111111, 29.680555555555554, 0.26679684322636865, 0.0, 0.0, 0.0, 0.0, 0.0]
	usedVehicles=6
	currentTime=[66.78387623492479, 59.625, 29.680555555555554, 51.54494538857638, 59.388888888888886, 59.916666666666664]
	currentQuantity=[[20.0, 20.0], [20.0, 20.0], [20.0, 20.0], [20.0, 20.0], [13.0, 13.0], [13.0, 13.0]]
	total_tour_length=11.925698831770942
	costObjectives=[11.925698831770942, 1.0181857213837613]
}

44:

Ant{
	tours=[[-1, 7, 8, 11, 13, 12, 51, 48, 10, 14, 40, 2, -1], [-1, 39, 38, 29, 30, 31, 36, 44, 41, 43, 25, 22, -1], [-1, 21, 20, 19, 28, 23, 45, 15, 18, 17, 37, 16, 57, -1], [-1, 26, 0, 35, 34, 53, 33, 3, 56, 55, 1, -1], [-1, 9, 47, 4, 42, 6, 5, 50, -1], [-1, 58, 54, 49, 46, 27, 24, 52, 32, -1]]
	tour_lengths=[2.025477278190692, 2.221363538804298, 2.117610780842117, 1.4423339205583379, 1.727394055403693, 2.325991082825705]
	beginService=[0.0, 1.0946026152894708, 51.54494538857638, 66.78387623492479, 43.20833333333333, 1.976586162494038, 45.875, 39.64163943093313, 0.1416394309331329, 5.25, 0.21960261528947078, 36.31944444444444, 5.917052171907222, 8.168039224849798, 7.236496616351666, 45.875, 16.159880198899664, 29.041666666666664, 17.219203232285164, 16.721551122634533, 7.680555555555555, 2.833333333333333, 0.4869041150821696, 42.95833333333333, 13.833333333333332, 59.388888888888886, 14.18422620976505, 0.21960261528947078, 54.041666666666664, 8.470934001307603, 6.939264637658177, 7.425375748769288, 8.773585023934086, 60.73461368374514, 38.43055555555555, 2.638601883312613, 1.7163362689038237, 9.676362801711864, 17.66364767672961, 6.152777777777778, 0.268238998830944, 65.69444444444444, 12.183239156822475, 38.666666666666664, 12.69811509865394, 11.280461379044697, 15.598209275164796, 39.936160680153336, 0.9468342788311082, 21.11111111111111, 37.864566798566855, 59.388888888888886, 9.229167273000586, 60.267869916030364, 3.9633958389672586, 36.25, 51.10050094413194, 50.23611111111111, 29.680555555555554, 0.26679684322636865, 0.0, 0.0, 0.0, 0.0, 0.0]
	usedVehicles=6
	currentTime=[66.78387623492479, 42.95833333333333, 29.680555555555554, 51.54494538857638, 59.388888888888886, 60.73461368374514]
	currentQuantity=[[20.0, 20.0], [20.0, 20.0], [20.0, 20.0], [20.0, 20.0], [13.0, 13.0], [13.0, 13.0]]
	total_tour_length=11.860170656624843
	costObjectives=[11.860170656624843, 0.8836571622673672]
}

45:

Ant{
	tours=[[-1, 7, 8, 11, 13, 12, 51, 48, 10, 14, 40, 2, -1], [-1, 39, 38, 29, 30, 31, 36, 44, 41, 43, 25, 22, -1], [-1, 21, 20, 19, 28, 23, 45, 15, 18, 17, 37, 16, 57, -1], [-1, 26, 0, 35, 34, 53, 33, 3, 56, 55, 1, -1], [-1, 9, 47, 4, 6, 5, 42, 50, -1], [-1, 58, 54, 49, 46, 27, 24, 52, 32, -1]]
	tour_lengths=[2.025477278190692, 2.221363538804298, 2.117610780842117, 1.4423339205583379, 1.5967601887252545, 2.325991082825705]
	beginService=[0.0, 1.0946026152894708, 51.54494538857638, 66.78387623492479, 43.20833333333333, 1.976586162494038, 45.875, 38.43055555555555, 0.1416394309331329, 5.25, 0.21960261528947078, 36.31944444444444, 5.917052171907222, 8.168039224849798, 7.236496616351666, 45.875, 16.159880198899664, 29.041666666666664, 17.219203232285164, 16.721551122634533, 7.680555555555555, 2.833333333333333, 0.4869041150821696, 42.95833333333333, 13.833333333333332, 59.388888888888886, 14.18422620976505, 0.21960261528947078, 54.041666666666664, 8.470934001307603, 6.939264637658177, 7.425375748769288, 8.773585023934086, 60.73461368374514, 38.43055555555555, 2.638601883312613, 1.7163362689038237, 9.676362801711864, 17.66364767672961, 6.152777777777778, 0.268238998830944, 65.69444444444444, 12.183239156822475, 46.441254577975954, 12.69811509865394, 11.280461379044697, 15.598209275164796, 39.936160680153336, 0.9468342788311082, 21.11111111111111, 37.864566798566855, 59.388888888888886, 9.229167273000586, 60.267869916030364, 3.9633958389672586, 36.25, 51.10050094413194, 50.23611111111111, 29.680555555555554, 0.26679684322636865, 0.0, 0.0, 0.0, 0.0, 0.0]
	usedVehicles=6
	currentTime=[66.78387623492479, 42.95833333333333, 29.680555555555554, 51.54494538857638, 59.388888888888886, 60.73461368374514]
	currentQuantity=[[20.0, 20.0], [20.0, 20.0], [20.0, 20.0], [20.0, 20.0], [13.0, 13.0], [13.0, 13.0]]
	total_tour_length=11.729536789946405
	costObjectives=[11.729536789946405, 0.8836571622673672]
}

46:

Ant{
	tours=[[-1, 7, 8, 11, 13, 12, 51, 48, 10, 14, 40, 2, -1], [-1, 39, 38, 29, 30, 31, 36, 44, 41, 43, 46, 22, -1], [-1, 21, 20, 19, 28, 23, 45, 15, 18, 17, 37, 16, 57, -1], [-1, 26, 0, 35, 34, 53, 33, 3, 56, 55, 1, -1], [-1, 9, 47, 4, 6, 5, 42, 50, -1], [-1, 58, 54, 49, 27, 24, 25, 52, 32, -1]]
	tour_lengths=[2.025477278190692, 2.3602524276931867, 2.117610780842117, 1.4423339205583379, 1.5967601887252545, 2.0248591445415935]
	beginService=[0.0, 1.0946026152894708, 51.54494538857638, 66.78387623492479, 43.20833333333333, 1.976586162494038, 45.875, 38.43055555555555, 0.1416394309331329, 5.25, 0.21960261528947078, 36.31944444444444, 5.917052171907222, 8.168039224849798, 7.236496616351666, 45.875, 16.159880198899664, 29.041666666666664, 17.219203232285164, 16.721551122634533, 7.680555555555555, 2.833333333333333, 0.4869041150821696, 42.95833333333333, 13.833333333333332, 59.388888888888886, 59.916666666666664, 0.21960261528947078, 54.041666666666664, 8.470934001307603, 6.939264637658177, 7.425375748769288, 8.773585023934086, 61.21302345514028, 38.43055555555555, 2.638601883312613, 1.7163362689038237, 9.676362801711864, 17.66364767672961, 6.152777777777778, 0.268238998830944, 65.69444444444444, 12.183239156822475, 46.441254577975954, 12.69811509865394, 11.280461379044697, 15.598209275164796, 38.666666666666664, 0.9468342788311082, 21.11111111111111, 37.864566798566855, 59.388888888888886, 9.229167273000586, 60.746279687425506, 3.9633958389672586, 36.25, 51.10050094413194, 50.23611111111111, 29.680555555555554, 0.26679684322636865, 0.0, 0.0, 0.0, 0.0, 0.0]
	usedVehicles=6
	currentTime=[66.78387623492479, 42.95833333333333, 29.680555555555554, 51.54494538857638, 59.388888888888886, 61.21302345514028]
	currentQuantity=[[20.0, 20.0], [20.0, 20.0], [20.0, 20.0], [20.0, 20.0], [13.0, 13.0], [13.0, 13.0]]
	total_tour_length=11.567293740551182
	costObjectives=[11.567293740551182, 0.9179185071348488]
}

47:

Ant{
	tours=[[-1, 7, 8, 11, 13, 12, 51, 48, 10, 14, 40, 2, -1], [-1, 39, 38, 29, 30, 31, 36, 44, 41, 43, 25, 22, -1], [-1, 21, 20, 19, 28, 23, 45, 15, 18, 17, 37, 16, 57, -1], [-1, 26, 0, 35, 34, 53, 33, 3, 56, 55, 1, -1], [-1, 9, 47, 4, 6, 5, 42, 50, -1], [-1, 58, 54, 49, 46, 27, 24, 52, 32, -1]]
	tour_lengths=[2.025477278190692, 2.221363538804298, 2.117610780842117, 1.4423339205583379, 1.5967601887252545, 2.325991082825705]
	beginService=[0.0, 1.0946026152894708, 51.54494538857638, 66.78387623492479, 43.20833333333333, 1.976586162494038, 45.875, 38.43055555555555, 0.1416394309331329, 5.25, 0.21960261528947078, 36.31944444444444, 5.917052171907222, 8.168039224849798, 7.236496616351666, 45.875, 16.159880198899664, 29.041666666666664, 17.219203232285164, 16.721551122634533, 7.680555555555555, 2.833333333333333, 0.4869041150821696, 42.95833333333333, 13.833333333333332, 59.388888888888886, 14.18422620976505, 0.21960261528947078, 54.041666666666664, 8.470934001307603, 6.939264637658177, 7.425375748769288, 8.773585023934086, 60.73461368374514, 38.43055555555555, 2.638601883312613, 1.7163362689038237, 9.676362801711864, 17.66364767672961, 6.152777777777778, 0.268238998830944, 65.69444444444444, 12.183239156822475, 46.441254577975954, 12.69811509865394, 11.280461379044697, 15.598209275164796, 39.936160680153336, 0.9468342788311082, 21.11111111111111, 37.864566798566855, 59.388888888888886, 9.229167273000586, 60.267869916030364, 3.9633958389672586, 36.25, 51.10050094413194, 50.23611111111111, 29.680555555555554, 0.26679684322636865, 0.0, 0.0, 0.0, 0.0, 0.0]
	usedVehicles=6
	currentTime=[66.78387623492479, 42.95833333333333, 29.680555555555554, 51.54494538857638, 59.388888888888886, 60.73461368374514]
	currentQuantity=[[20.0, 20.0], [20.0, 20.0], [20.0, 20.0], [20.0, 20.0], [13.0, 13.0], [13.0, 13.0]]
	total_tour_length=11.729536789946405
	costObjectives=[11.729536789946405, 0.8836571622673672]
}

48:

Ant{
	tours=[[-1, 7, 8, 11, 13, 12, 51, 48, 10, 14, 40, 2, -1], [-1, 39, 38, 29, 30, 31, 36, 44, 41, 43, 46, 22, -1], [-1, 21, 20, 19, 28, 23, 45, 15, 18, 17, 37, 16, 57, -1], [-1, 26, 0, 35, 34, 53, 33, 3, 56, 55, 1, -1], [-1, 9, 47, 4, 6, 5, 42, 50, -1], [-1, 58, 54, 49, 27, 24, 25, 52, 32, -1]]
	tour_lengths=[2.025477278190692, 2.3602524276931867, 2.117610780842117, 1.4423339205583379, 1.5967601887252545, 2.0248591445415935]
	beginService=[0.0, 1.0946026152894708, 51.54494538857638, 66.78387623492479, 43.20833333333333, 1.976586162494038, 45.875, 38.43055555555555, 0.1416394309331329, 5.25, 0.21960261528947078, 36.31944444444444, 5.917052171907222, 8.168039224849798, 7.236496616351666, 45.875, 16.159880198899664, 29.041666666666664, 17.219203232285164, 16.721551122634533, 7.680555555555555, 2.833333333333333, 0.4869041150821696, 42.95833333333333, 13.833333333333332, 59.388888888888886, 59.916666666666664, 0.21960261528947078, 54.041666666666664, 8.470934001307603, 6.939264637658177, 7.425375748769288, 8.773585023934086, 61.21302345514028, 38.43055555555555, 2.638601883312613, 1.7163362689038237, 9.676362801711864, 17.66364767672961, 6.152777777777778, 0.268238998830944, 65.69444444444444, 12.183239156822475, 46.441254577975954, 12.69811509865394, 11.280461379044697, 15.598209275164796, 38.666666666666664, 0.9468342788311082, 21.11111111111111, 37.864566798566855, 59.388888888888886, 9.229167273000586, 60.746279687425506, 3.9633958389672586, 36.25, 51.10050094413194, 50.23611111111111, 29.680555555555554, 0.26679684322636865, 0.0, 0.0, 0.0, 0.0, 0.0]
	usedVehicles=6
	currentTime=[66.78387623492479, 42.95833333333333, 29.680555555555554, 51.54494538857638, 59.388888888888886, 61.21302345514028]
	currentQuantity=[[20.0, 20.0], [20.0, 20.0], [20.0, 20.0], [20.0, 20.0], [13.0, 13.0], [13.0, 13.0]]
	total_tour_length=11.567293740551182
	costObjectives=[11.567293740551182, 0.9179185071348488]
}

49:

Ant{
	tours=[[-1, 7, 8, 11, 13, 12, 51, 48, 10, 14, 40, 2, -1], [-1, 39, 38, 29, 30, 31, 36, 44, 41, 43, 46, 22, -1], [-1, 21, 20, 19, 28, 23, 45, 15, 18, 17, 37, 16, 57, -1], [-1, 26, 0, 35, 34, 53, 33, 3, 56, 55, 1, -1], [-1, 9, 47, 4, 6, 5, 42, 50, -1], [-1, 58, 54, 49, 27, 24, 25, 52, 32, -1]]
	tour_lengths=[2.025477278190692, 2.3602524276931867, 2.117610780842117, 1.4423339205583379, 1.5967601887252545, 2.0248591445415935]
	beginService=[0.0, 1.0946026152894708, 51.54494538857638, 66.78387623492479, 43.20833333333333, 1.976586162494038, 45.875, 38.43055555555555, 0.1416394309331329, 5.25, 0.21960261528947078, 36.31944444444444, 5.917052171907222, 8.168039224849798, 7.236496616351666, 45.875, 16.159880198899664, 29.041666666666664, 17.219203232285164, 16.721551122634533, 7.680555555555555, 2.833333333333333, 0.4869041150821696, 42.95833333333333, 13.833333333333332, 59.388888888888886, 59.916666666666664, 0.21960261528947078, 54.041666666666664, 8.470934001307603, 6.939264637658177, 7.425375748769288, 8.773585023934086, 61.21302345514028, 38.43055555555555, 2.638601883312613, 1.7163362689038237, 9.676362801711864, 17.66364767672961, 6.152777777777778, 0.268238998830944, 65.69444444444444, 12.183239156822475, 46.441254577975954, 12.69811509865394, 11.280461379044697, 15.598209275164796, 38.666666666666664, 0.9468342788311082, 21.11111111111111, 37.864566798566855, 59.388888888888886, 9.229167273000586, 60.746279687425506, 3.9633958389672586, 36.25, 51.10050094413194, 50.23611111111111, 29.680555555555554, 0.26679684322636865, 0.0, 0.0, 0.0, 0.0, 0.0]
	usedVehicles=6
	currentTime=[66.78387623492479, 42.95833333333333, 29.680555555555554, 51.54494538857638, 59.388888888888886, 61.21302345514028]
	currentQuantity=[[20.0, 20.0], [20.0, 20.0], [20.0, 20.0], [20.0, 20.0], [13.0, 13.0], [13.0, 13.0]]
	total_tour_length=11.567293740551182
	costObjectives=[11.567293740551182, 0.9179185071348488]
}

50:

Ant{
	tours=[[-1, 7, 8, 11, 13, 12, 51, 48, 10, 14, 40, 2, -1], [-1, 39, 38, 29, 30, 31, 36, 44, 41, 43, 46, 27, -1], [-1, 21, 20, 19, 28, 23, 45, 15, 18, 17, 37, 16, 57, -1], [-1, 26, 0, 35, 34, 53, 33, 3, 55, 56, 1, -1], [-1, 9, 47, 4, 6, 5, 42, 50, -1], [-1, 58, 54, 22, 49, 24, 25, 52, 32, -1]]
	tour_lengths=[2.025477278190692, 2.30363564258852, 2.117610780842117, 1.4956897435161682, 1.5967601887252545, 1.9086726677214598]
	beginService=[0.0, 1.0946026152894708, 51.11952154549255, 66.78387623492479, 43.20833333333333, 1.976586162494038, 45.875, 38.43055555555555, 0.1416394309331329, 5.25, 0.21960261528947078, 36.31944444444444, 5.917052171907222, 8.168039224849798, 7.236496616351666, 45.875, 16.159880198899664, 29.041666666666664, 17.219203232285164, 16.721551122634533, 7.680555555555555, 2.833333333333333, 0.4869041150821696, 42.95833333333333, 13.833333333333332, 59.388888888888886, 59.916666666666664, 0.21960261528947078, 54.041666666666664, 8.470934001307603, 6.939264637658177, 7.425375748769288, 8.773585023934086, 61.21302345514028, 38.43055555555555, 2.638601883312613, 1.7163362689038237, 9.676362801711864, 17.66364767672961, 6.152777777777778, 0.268238998830944, 65.69444444444444, 12.183239156822475, 46.441254577975954, 12.69811509865394, 11.280461379044697, 15.598209275164796, 38.666666666666664, 0.9468342788311082, 21.11111111111111, 43.58333333333333, 59.388888888888886, 9.229167273000586, 60.746279687425506, 3.9633958389672586, 36.25, 43.68711299937499, 50.23611111111111, 29.680555555555554, 0.26679684322636865, 0.0, 0.0, 0.0, 0.0, 0.0]
	usedVehicles=6
	currentTime=[66.78387623492479, 54.041666666666664, 29.680555555555554, 51.11952154549255, 59.388888888888886, 61.21302345514028]
	currentQuantity=[[20.0, 20.0], [20.0, 20.0], [20.0, 20.0], [20.0, 20.0], [13.0, 13.0], [13.0, 13.0]]
	total_tour_length=11.44784630158421
	costObjectives=[11.44784630158421, 0.8079458990723518]
}

51:

Ant{
	tours=[[-1, 7, 8, 11, 13, 12, 51, 48, 10, 14, 40, 2, -1], [-1, 39, 38, 29, 30, 31, 36, 44, 41, 43, 57, 24, -1], [-1, 21, 20, 19, 28, 23, 45, 15, 18, 17, 37, 16, 22, -1], [-1, 26, 0, 35, 34, 53, 33, 3, 56, 55, 1, -1], [-1, 9, 47, 4, 6, 5, 42, 50, 52, 32, -1], [-1, 58, 54, 49, 46, 27, 25, -1]]
	tour_lengths=[2.025477278190692, 2.2665697659305533, 2.1567777328762823, 1.4423339205583379, 2.1483782137350453, 1.7232251922577158]
	beginService=[0.0, 1.0946026152894708, 51.54494538857638, 66.78387623492479, 43.20833333333333, 1.976586162494038, 45.875, 38.43055555555555, 0.1416394309331329, 5.25, 0.21960261528947078, 36.31944444444444, 5.917052171907222, 8.168039224849798, 7.236496616351666, 45.875, 16.159880198899664, 29.041666666666664, 17.219203232285164, 16.721551122634533, 7.680555555555555, 2.833333333333333, 0.4869041150821696, 42.95833333333333, 13.833333333333332, 59.388888888888886, 54.55555555555555, 0.21960261528947078, 54.041666666666664, 8.470934001307603, 6.939264637658177, 7.425375748769288, 8.773585023934086, 61.00565370007278, 38.43055555555555, 2.638601883312613, 1.7163362689038237, 9.676362801711864, 17.66364767672961, 6.152777777777778, 0.268238998830944, 65.69444444444444, 12.183239156822475, 46.441254577975954, 12.69811509865394, 11.280461379044697, 15.598209275164796, 39.936160680153336, 0.9468342788311082, 21.11111111111111, 37.864566798566855, 59.388888888888886, 9.229167273000586, 60.538909932358, 3.9633958389672586, 36.25, 51.10050094413194, 50.23611111111111, 14.253670654209495, 0.26679684322636865, 0.0, 0.0, 0.0, 0.0, 0.0]
	usedVehicles=6
	currentTime=[66.78387623492479, 59.388888888888886, 42.95833333333333, 51.54494538857638, 61.00565370007278, 54.55555555555555]
	currentQuantity=[[20.0, 20.0], [20.0, 20.0], [20.0, 20.0], [20.0, 20.0], [15.0, 15.0], [11.0, 11.0]]
	total_tour_length=11.762762103548628
	costObjectives=[11.762762103548628, 0.8242358453722154]
}

