1:

Ant{
	tours=[[-1, 7, 8, 9, 10, 14, 13, 12, 40, 2, 42, 26, -1], [-1, 39, 19, 37, 44, 41, 43, 25, 4, 6, 3, 5, -1], [-1, 11, 18, 17, 21, 20, 38, 31, 28, 27, 29, 32, 1, -1], [-1, 0, 35, 34, 30, 36, 23, 15, 16, 22, 24, -1], [-1, 33, -1]]
	tour_lengths=[2.349187279916517, 4.42334785896254, 3.23799482993672, 2.1243219640459587, 1.1947673982003648]
	beginService=[0.0, 0.25946585683707507, 56.1406725754894, 66.78387623492479, 43.20833333333333, 14.072397990726573, 45.875, 38.43055555555555, 0.1416394309331329, 5.25, 5.736111111111112, 36.31944444444444, 2.5, 47.72493631226447, 46.783127288987984, 45.875, 15.736111111111109, 29.041666666666664, 4.4672547249401005, 3.969602615289471, 7.680555555555555, 5.578751341291767, 5.134306896847322, 42.95833333333333, 13.833333333333332, 59.388888888888886, 12.798549428270492, 69.18057191194957, 54.041666666666664, 9.567704797427664, 54.863260548253145, 3.3434736389966213, 8.341534363435137, 55.460482770475366, 38.43055555555555, 1.8034651248602172, 0.8811995104514277, 8.083333333333332, 8.36401906544859, 7.6099848065252855, 0.268238998830944, 65.69444444444444, 10.450340153105694, 67.94734468836936, 10.965216094937158, 9.589229041994582, 0.0, 0.0, 0.0, 0.0, 0.0, 0.0, 0.0, 0.0, 0.0, 0.0, 0.0, 0.0, 0.0, 0.0, 0.0, 0.0, 0.0, 0.0, 0.0]
	usedVehicles=5
	currentTime=[69.18057191194957, 45.875, 56.1406725754894, 59.388888888888886, 38.43055555555555]
	currentQuantity=[19.0, 19.0, 20.0, 20.0, 4.0]
	total_tour_length=13.329619331062101
	costObjectives=[13.329619331062101, 3.228580460762175]
}

2:

Ant{
	tours=[[-1, 7, 8, 9, 26, 36, 30, 29, 41, 43, 27, 24, -1], [-1, 1, 2, 10, 3, 5, 42, 4, 40, 12, 13, 32, -1], [-1, 11, 18, 17, 21, 20, 38, 39, 19, 23, 15, 16, -1], [-1, 0, 35, 34, 31, 28, 44, 25, 37, 22, 14, -1], [-1, 33, 6, -1]]
	tour_lengths=[2.4660608334575045, 3.5435745219222636, 2.8357234268609868, 3.7108510723166495, 1.7822627093986927]
	beginService=[0.0, 0.25946585683707507, 0.22395160411940412, 0.6683960485638486, 43.20833333333333, 47.444123405972256, 45.875, 40.722222222222214, 0.1416394309331329, 5.25, 5.736111111111112, 36.31944444444444, 2.5, 66.82207805695023, 67.76388708022671, 45.875, 15.736111111111109, 29.041666666666664, 4.4672547249401005, 3.969602615289471, 9.363254029604054, 5.578751341291767, 5.134306896847322, 42.95833333333333, 13.833333333333332, 59.388888888888886, 10.717216809816517, 6.463342774652749, 54.041666666666664, 8.101170433992525, 10.713932281075454, 9.374999999999998, 6.875, 69.44932383856992, 38.43055555555555, 1.8034651248602172, 0.8811995104514277, 8.083333333333332, 11.453327920927627, 7.6099848065252855, 8.262762584303063, 65.69444444444444, 11.504310726827502, 46.441254577975954, 12.019186668658966, 9.392837100659191, 0.0, 0.0, 0.0, 0.0, 0.0, 0.0, 0.0, 0.0, 0.0, 0.0, 0.0, 0.0, 0.0, 0.0, 0.0, 0.0, 0.0, 0.0, 0.0]
	usedVehicles=5
	currentTime=[59.388888888888886, 69.44932383856992, 29.041666666666664, 45.875, 40.722222222222214]
	currentQuantity=[19.0, 17.0, 20.0, 18.0, 8.0]
	total_tour_length=14.338472563956097
	costObjectives=[14.338472563956097, 1.9285883629179568]
}

3:

Ant{
	tours=[[-1, 7, 8, 9, 1, 36, 32, 26, 30, 29, 41, 43, 27, -1], [-1, 2, 42, 10, 3, 5, 4, 14, 40, 12, 13, -1], [-1, 11, 18, 17, 21, 20, 38, 39, 19, 25, 22, 24, -1], [-1, 0, 35, 34, 31, 28, 44, 23, 37, 15, 16, -1], [-1, 33, 6, -1]]
	tour_lengths=[2.8945804639764154, 3.507739185307498, 2.541578751375031, 2.604620940847693, 1.7822627093986927]
	beginService=[0.0, 0.25946585683707507, 6.434006343490509, 0.2222222222222222, 43.20833333333333, 46.33333333333333, 45.875, 40.722222222222214, 0.1416394309331329, 5.25, 5.736111111111112, 39.7791632116978, 2.5, 66.82207805695023, 67.76388708022671, 47.821804245281704, 16.302025619196282, 29.041666666666664, 4.4672547249401005, 3.969602615289471, 9.363254029604054, 5.578751341291767, 5.134306896847322, 42.95833333333333, 13.833333333333332, 59.388888888888886, 10.03826896346153, 10.039047059733914, 54.041666666666664, 8.101170433992525, 12.538218293474365, 11.19928601239891, 6.875, 9.402777777777777, 38.43055555555555, 1.8034651248602172, 0.8811995104514277, 8.083333333333332, 15.81056499687497, 7.6099848065252855, 8.262762584303063, 65.69444444444444, 13.328596739226413, 38.666666666666664, 13.843472681057877, 9.392837100659191, 0.0, 0.0, 0.0, 0.0, 0.0, 0.0, 0.0, 0.0, 0.0, 0.0, 0.0, 0.0, 0.0, 0.0, 0.0, 0.0, 0.0, 0.0, 0.0]
	usedVehicles=5
	currentTime=[54.041666666666664, 67.76388708022671, 59.388888888888886, 29.041666666666664, 40.722222222222214]
	currentQuantity=[20.0, 17.0, 17.0, 20.0, 8.0]
	total_tour_length=13.330782050905329
	costObjectives=[13.330782050905329, 1.7254764759088055]
}

4:

Ant{
	tours=[[-1, 7, 8, 9, 2, 1, 36, 30, 29, 32, 26, 3, 5, 37, -1], [-1, 16, 10, 6, 14, 40, 12, 13, 42, 4, -1], [-1, 11, 18, 17, 21, 20, 38, 39, 19, 15, 23, 22, -1], [-1, 0, 35, 34, 31, 28, 44, 41, 43, 27, 24, 25, -1], [-1, 33, -1]]
	tour_lengths=[2.93947236703063, 3.758661960232586, 2.8267017058197745, 2.6005264660700624, 1.1947673982003648]
	beginService=[0.0, 0.25946585683707507, 7.272237156079699, 6.411126044968588, 43.20833333333333, 70.13458594724783, 45.875, 38.43055555555555, 0.1416394309331329, 5.25, 5.736111111111112, 36.31944444444444, 2.5, 66.82207805695023, 67.76388708022671, 45.875, 13.430555555555555, 29.041666666666664, 4.4672547249401005, 3.969602615289471, 9.363254029604054, 5.578751341291767, 5.134306896847322, 42.95833333333333, 14.083333333333332, 59.388888888888886, 59.916666666666664, 11.947423785253813, 54.041666666666664, 8.101170433992525, 10.713932281075454, 9.374999999999998, 6.875, 11.311154503297676, 38.43055555555555, 1.8034651248602172, 0.8811995104514277, 8.083333333333332, 47.06359406842168, 7.6099848065252855, 8.262762584303063, 65.69444444444444, 10.253948211770304, 69.13171711925153, 10.768824153601768, 9.392837100659191, 0.0, 0.0, 0.0, 0.0, 0.0, 0.0, 0.0, 0.0, 0.0, 0.0, 0.0, 0.0, 0.0, 0.0, 0.0, 0.0, 0.0, 0.0, 0.0]
	usedVehicles=5
	currentTime=[47.06359406842168, 70.13458594724783, 42.95833333333333, 59.916666666666664, 38.43055555555555]
	currentQuantity=[20.0, 18.0, 20.0, 20.0, 4.0]
	total_tour_length=13.320129897353418
	costObjectives=[13.320129897353418, 2.563894562032221]
}

5:

Ant{
	tours=[[-1, 7, 8, 9, 2, 1, 32, 36, 38, 31, 23, 15, 37, -1], [-1, 26, 30, 28, 44, 41, 43, 29, 27, 12, 13, -1], [-1, 11, 18, 17, 21, 20, 19, 39, 16, 10, 22, 25, 24, 40, -1], [-1, 0, 35, 34, 33, 4, 6, 3, 42, 5, -1], [-1, 14, -1]]
	tour_lengths=[2.500519036737779, 3.781845634083106, 2.979372575703216, 2.5674220133773207, 1.1197580205970206]
	beginService=[0.0, 0.25946585683707507, 7.272237156079699, 6.411126044968588, 43.54764929205166, 40.65277777777777, 45.875, 41.55555555555555, 0.1416394309331329, 5.25, 5.736111111111112, 36.31944444444444, 2.5, 55.575158916276365, 56.51696793955285, 45.875, 15.736111111111109, 29.041666666666664, 4.4672547249401005, 3.969602615289471, 7.680555555555555, 5.578751341291767, 5.134306896847322, 42.95833333333333, 13.833333333333332, 59.388888888888886, 43.41666666666666, 0.21960261528947078, 54.041666666666664, 3.8055555555555554, 11.917245046038772, 1.3798415679544656, 10.784654427681545, 7.952426961093731, 38.43055555555555, 1.8034651248602172, 0.8811995104514277, 8.438538072204842, 16.22757173343242, 10.053104870771694, 8.364380334189878, 65.69444444444444, 9.680555555555557, 44.250642738275104, 10.195431497387021, 8.819444444444445, 0.0, 0.0, 0.0, 0.0, 0.0, 0.0, 0.0, 0.0, 0.0, 0.0, 0.0, 0.0, 0.0, 0.0, 0.0, 0.0, 0.0, 0.0, 0.0]
	usedVehicles=5
	currentTime=[16.22757173343242, 56.51696793955285, 65.69444444444444, 45.875, 45.875]
	currentQuantity=[20.0, 20.0, 20.0, 20.0, 2.0]
	total_tour_length=12.948917280498442
	costObjectives=[12.948917280498442, 2.6620876134860856]
}

6:

Ant{
	tours=[[-1, 7, 8, 9, 10, 14, 13, 12, 40, 2, 42, 4, -1], [-1, 38, 31, 28, 44, 36, 23, 32, 26, 1, 3, -1], [-1, 11, 18, 17, 21, 20, 19, 39, 15, 37, 16, 22, 25, 24, -1], [-1, 0, 35, 34, 29, 41, 43, 6, 5, 27, 30, -1], [-1, 33, -1]]
	tour_lengths=[2.4280994013947867, 2.678105757645907, 2.1323465301609037, 4.807619947968206, 1.1947673982003648]
	beginService=[0.0, 0.25946585683707507, 17.324088135222336, 66.78387623492479, 43.20833333333333, 68.95021351636565, 45.875, 38.43055555555555, 0.1416394309331329, 5.25, 5.736111111111112, 36.31944444444444, 2.5, 47.72493631226447, 46.783127288987984, 45.875, 13.430555555555555, 29.041666666666664, 4.4672547249401005, 3.969602615289471, 7.680555555555555, 5.578751341291767, 5.134306896847322, 42.95833333333333, 13.833333333333332, 59.388888888888886, 43.41666666666666, 16.44683427883111, 54.041666666666664, 8.110497768680155, 3.427434903133447, 54.95153558068235, 6.884327334687629, 15.81056499687497, 38.43055555555555, 1.8034651248602172, 0.8811995104514277, 10.707311317331905, 13.922016177876868, 6.152777777777778, 8.364380334189878, 65.69444444444444, 4.217813348885494, 67.94734468836936, 4.7326892907169595, 9.40216443534682, 0.0, 0.0, 0.0, 0.0, 0.0, 0.0, 0.0, 0.0, 0.0, 0.0, 0.0, 0.0, 0.0, 0.0, 0.0, 0.0, 0.0, 0.0, 0.0]
	usedVehicles=5
	currentTime=[68.95021351636565, 43.20833333333333, 59.388888888888886, 54.95153558068235, 38.43055555555555]
	currentQuantity=[19.0, 20.0, 19.0, 20.0, 4.0]
	total_tour_length=13.240939035370168
	costObjectives=[13.240939035370168, 3.612852549767841]
}

7:

Ant{
	tours=[[-1, 7, 8, 9, 2, 1, 26, 30, 29, 44, 41, 43, 27, -1], [-1, 23, 15, 37, 16, 10, 6, 22, 25, 14, 24, 13, -1], [-1, 11, 18, 17, 21, 20, 19, 39, 38, 31, 36, 32, -1], [-1, 0, 35, 34, 33, 3, 5, 42, 4, 40, 12, -1], [-1, 28, -1]]
	tour_lengths=[2.334011409439231, 4.831460249244033, 2.3133403487342976, 2.8915264079248355, 1.3176156917368245]
	beginService=[0.0, 0.25946585683707507, 7.272237156079699, 6.411126044968588, 43.20833333333333, 47.444123405972256, 45.875, 38.43055555555555, 0.1416394309331329, 5.25, 5.736111111111112, 36.31944444444444, 2.5, 66.82207805695023, 60.41871500151789, 45.875, 15.736111111111109, 29.041666666666664, 4.4672547249401005, 3.969602615289471, 7.680555555555555, 5.578751341291767, 5.134306896847322, 42.95833333333333, 13.833333333333332, 59.388888888888886, 43.41666666666666, 7.73282434580426, 54.041666666666664, 3.8055555555555554, 10.23199557954471, 8.893063298469254, 10.165374335544174, 12.387596557766397, 38.43055555555555, 1.8034651248602172, 0.8811995104514277, 11.068152113321952, 16.22757173343242, 9.433824778634323, 8.364380334189878, 65.69444444444444, 11.865502481624313, 46.441254577975954, 12.380378423455777, 11.0043913705132, 0.0, 0.0, 0.0, 0.0, 0.0, 0.0, 0.0, 0.0, 0.0, 0.0, 0.0, 0.0, 0.0, 0.0, 0.0, 0.0, 0.0, 0.0, 0.0]
	usedVehicles=5
	currentTime=[54.041666666666664, 60.41871500151789, 12.387596557766397, 66.82207805695023, 3.8055555555555554]
	currentQuantity=[20.0, 19.0, 20.0, 20.0, 3.0]
	total_tour_length=13.687954107079223
	costObjectives=[13.687954107079223, 3.513844557507209]
}

8:

Ant{
	tours=[[-1, 7, 8, 9, 12, 39, 19, 23, 15, 37, 16, 22, 25, 24, -1], [-1, 26, 36, 1, 2, 10, 14, 13, 40, 29, 30, 32, -1], [-1, 11, 18, 17, 21, 20, 38, 31, 28, 44, 41, 27, -1], [-1, 0, 35, 34, 33, 4, 6, 3, 42, 5, -1], [-1, 43, -1]]
	tour_lengths=[2.610683039702144, 3.0870765883539173, 2.95009507038624, 2.5674220133773207, 1.6256527653777257]
	beginService=[0.0, 0.25946585683707507, 9.663468453444574, 10.107912897889019, 43.54764929205166, 40.65277777777777, 45.875, 41.55555555555555, 0.1416394309331329, 5.25, 5.736111111111112, 36.31944444444444, 2.5, 6.426709485046056, 46.783127288987984, 45.875, 15.736111111111109, 29.041666666666664, 4.4672547249401005, 3.969602615289471, 8.751895452669418, 5.578751341291767, 5.134306896847322, 42.95833333333333, 13.833333333333332, 59.388888888888886, 43.41666666666666, 0.21960261528947078, 54.041666666666664, 9.567704797427664, 67.14030769642221, 67.64590664416434, 8.341534363435137, 69.00701775527546, 38.43055555555555, 1.8034651248602172, 0.8811995104514277, 8.083333333333332, 16.22757173343242, 7.6099848065252855, 7.651404007368427, 65.69444444444444, 11.720482575205443, 44.250642738275104, 0.8128263826888629, 10.85937146409433, 0.0, 0.0, 0.0, 0.0, 0.0, 0.0, 0.0, 0.0, 0.0, 0.0, 0.0, 0.0, 0.0, 0.0, 0.0, 0.0, 0.0, 0.0, 0.0]
	usedVehicles=5
	currentTime=[59.388888888888886, 69.00701775527546, 54.041666666666664, 45.875, 0.8128263826888629]
	currentQuantity=[19.0, 20.0, 20.0, 20.0, 3.0]
	total_tour_length=12.84092947719735
	costObjectives=[12.84092947719735, 1.4614238229761916]
}

9:

Ant{
	tours=[[-1, 7, 8, 9, 10, 3, 5, 42, 4, 1, 2, 26, 40, 12, -1], [-1, 38, 31, 28, 44, 41, 43, 37, 16, 22, 27, 24, 25, 13, -1], [-1, 11, 18, 17, 21, 20, 19, 39, 15, 23, 32, 29, -1], [-1, 0, 35, 34, 30, 36, 33, 6, -1], [-1, 14, -1]]
	tour_lengths=[2.798548493248803, 4.709695373350339, 2.5177389790661593, 2.4172415381840207, 1.1197580205970206]
	beginService=[0.0, 0.25946585683707507, 48.631555316638426, 49.07599976108287, 43.20833333333333, 47.444123405972256, 45.875, 40.722222222222214, 0.1416394309331329, 5.25, 5.736111111111112, 36.31944444444444, 2.5, 66.82207805695023, 61.055154803343676, 45.875, 13.430555555555555, 29.041666666666664, 4.4672547249401005, 3.969602615289471, 7.680555555555555, 5.578751341291767, 5.134306896847322, 42.95833333333333, 14.083333333333332, 59.388888888888886, 59.916666666666664, 49.980152809882775, 54.041666666666664, 8.110497768680155, 16.657787219097195, 3.3434736389966213, 6.884327334687629, 16.06056499687497, 38.43055555555555, 1.8034651248602172, 0.8811995104514277, 8.083333333333332, 12.930929266067174, 6.152777777777778, 8.364380334189878, 65.69444444444444, 10.263275546457933, 46.441254577975954, 10.778151488289398, 9.40216443534682, 0.0, 0.0, 0.0, 0.0, 0.0, 0.0, 0.0, 0.0, 0.0, 0.0, 0.0, 0.0, 0.0, 0.0, 0.0, 0.0, 0.0, 0.0, 0.0]
	usedVehicles=5
	currentTime=[66.82207805695023, 61.055154803343676, 16.657787219097195, 40.722222222222214, 45.875]
	currentQuantity=[20.0, 20.0, 20.0, 20.0, 2.0]
	total_tour_length=13.562982404446341
	costObjectives=[13.562982404446341, 3.5899373527533185]
}

10:

Ant{
	tours=[[-1, 7, 8, 9, 2, 1, 26, 30, 23, 15, 37, 16, 22, -1], [-1, 10, 6, 3, 5, 14, 40, 12, 13, 42, 4, -1], [-1, 11, 18, 17, 21, 20, 19, 39, 38, 31, 36, 32, -1], [-1, 0, 35, 34, 29, 28, 44, 41, 43, 27, 24, 25, -1], [-1, 33, -1]]
	tour_lengths=[2.2157896388942526, 4.003605990386267, 2.3133403487342976, 2.5632475361802767, 1.1947673982003648]
	beginService=[0.0, 0.25946585683707507, 7.272237156079699, 6.411126044968588, 43.20833333333333, 70.13458594724783, 45.875, 38.43055555555555, 0.1416394309331329, 5.25, 5.736111111111112, 36.31944444444444, 2.5, 66.82207805695023, 67.76388708022671, 46.9257062339174, 15.736111111111109, 29.041666666666664, 4.4672547249401005, 3.969602615289471, 7.680555555555555, 5.578751341291767, 5.134306896847322, 42.95833333333333, 13.833333333333332, 59.388888888888886, 59.916666666666664, 7.73282434580426, 54.041666666666664, 4.175403248741129, 3.427434903133447, 8.893063298469254, 10.165374335544174, 12.387596557766397, 38.43055555555555, 1.8034651248602172, 0.8811995104514277, 11.068152113321952, 16.22757173343242, 9.433824778634323, 8.364380334189878, 65.69444444444444, 9.680555555555557, 69.13171711925153, 10.195431497387021, 8.819444444444445, 0.0, 0.0, 0.0, 0.0, 0.0, 0.0, 0.0, 0.0, 0.0, 0.0, 0.0, 0.0, 0.0, 0.0, 0.0, 0.0, 0.0, 0.0, 0.0]
	usedVehicles=5
	currentTime=[42.95833333333333, 70.13458594724783, 12.387596557766397, 59.916666666666664, 38.43055555555555]
	currentQuantity=[20.0, 19.0, 20.0, 19.0, 4.0]
	total_tour_length=12.29075091239546
	costObjectives=[12.29075091239546, 2.808838592185902]
}

11:

Ant{
	tours=[[-1, 7, 8, 9, 2, 1, 26, 32, 33, 3, 5, 42, 40, -1], [-1, 38, 31, 28, 44, 36, 30, 29, 41, 43, 27, -1], [-1, 11, 18, 17, 21, 20, 19, 39, 15, 23, 37, 16, -1], [-1, 0, 35, 34, 4, 10, 14, 13, 12, 22, 25, 24, -1], [-1, 6, -1]]
	tour_lengths=[2.5901023931429057, 2.8221177030930167, 2.2142999477763636, 3.0467977732597027, 1.1197580205970206]
	beginService=[0.0, 0.25946585683707507, 7.272237156079699, 6.411126044968588, 43.20833333333333, 3.572024977710064, 45.875, 38.43055555555555, 0.1416394309331329, 5.25, 5.736111111111112, 36.31944444444444, 2.5, 47.72493631226447, 46.783127288987984, 45.875, 13.430555555555555, 29.041666666666664, 4.4672547249401005, 3.969602615289471, 7.680555555555555, 5.578751341291767, 5.134306896847322, 49.177689176736074, 14.083333333333332, 59.388888888888886, 49.6360225100694, 7.73282434580426, 54.041666666666664, 8.110497768680155, 13.337910265074028, 11.998977983998572, 6.884327334687629, 8.785760294427064, 38.43055555555555, 1.8034651248602172, 0.8811995104514277, 10.707311317331905, 16.06056499687497, 6.152777777777778, 8.364380334189878, 65.69444444444444, 14.128288710826075, 46.441254577975954, 14.64316465265754, 9.40216443534682, 0.0, 0.0, 0.0, 0.0, 0.0, 0.0, 0.0, 0.0, 0.0, 0.0, 0.0, 0.0, 0.0, 0.0, 0.0, 0.0, 0.0, 0.0, 0.0]
	usedVehicles=5
	currentTime=[65.69444444444444, 54.041666666666664, 29.041666666666664, 59.388888888888886, 38.43055555555555]
	currentQuantity=[20.0, 20.0, 20.0, 18.0, 4.0]
	total_tour_length=11.793075837869008
	costObjectives=[11.793075837869008, 1.9270397526626821]
}

12:

Ant{
	tours=[[-1, 7, 8, 9, 12, 13, 14, 42, 5, 4, 40, -1], [-1, 38, 31, 29, 28, 44, 41, 43, 22, 27, 24, 25, -1], [-1, 11, 18, 17, 21, 20, 19, 39, 15, 23, 37, 16, -1], [-1, 0, 35, 34, 36, 30, 26, 32, 1, 10, 2, 3, -1], [-1, 33, 6, -1]]
	tour_lengths=[2.0494354213357813, 3.2535600854409266, 2.2142999477763636, 2.685966050424859, 1.7822627093986927]
	beginService=[0.0, 0.25946585683707507, 12.685031372968496, 37.053130894736476, 43.20833333333333, 48.635500569213065, 48.177167235879736, 40.722222222222214, 0.1416394309331329, 5.25, 5.736111111111112, 36.31944444444444, 2.5, 6.426709485046056, 7.368518508322538, 45.875, 13.430555555555555, 29.041666666666664, 4.4672547249401005, 3.969602615289471, 7.680555555555555, 5.578751341291767, 5.134306896847322, 42.95833333333333, 14.083333333333332, 59.388888888888886, 59.916666666666664, 10.95190561933166, 54.041666666666664, 8.562851235850866, 7.814882890243184, 9.374999999999998, 6.884327334687629, 12.004841567954465, 38.43055555555555, 1.8034651248602172, 0.8811995104514277, 8.083333333333332, 16.06056499687497, 6.152777777777778, 8.364380334189878, 65.69444444444444, 10.715629013628645, 47.19424599123711, 11.230504955460109, 9.854517902517532, 0.0, 0.0, 0.0, 0.0, 0.0, 0.0, 0.0, 0.0, 0.0, 0.0, 0.0, 0.0, 0.0, 0.0, 0.0, 0.0, 0.0, 0.0, 0.0]
	usedVehicles=5
	currentTime=[65.69444444444444, 59.916666666666664, 29.041666666666664, 43.20833333333333, 40.722222222222214]
	currentQuantity=[17.0, 17.0, 20.0, 20.0, 8.0]
	total_tour_length=11.985524214376623
	costObjectives=[11.985524214376623, 1.4712973760422339]
}

13:

Ant{
	tours=[[-1, 7, 8, 9, 12, 13, 10, 14, 42, 4, 40, 30, -1], [-1, 38, 23, 36, 2, 1, 26, 32, 33, 3, 5, -1], [-1, 11, 18, 17, 21, 20, 39, 19, 15, 37, 16, 22, 25, -1], [-1, 0, 35, 34, 31, 28, 29, 44, 41, 43, 27, 24, -1], [-1, 6, -1]]
	tour_lengths=[3.399452901055655, 2.835567669429666, 2.5213429937354217, 3.0898045921508914, 1.1197580205970206]
	beginService=[0.0, 0.25946585683707507, 18.31541555922729, 17.45430444811618, 43.20833333333333, 48.19711481923341, 45.875, 38.43055555555555, 0.1416394309331329, 5.25, 5.736111111111112, 36.31944444444444, 2.5, 6.426709485046056, 7.368518508322538, 45.875, 13.430555555555555, 29.041666666666664, 4.4672547249401005, 3.969602615289471, 8.601253568687898, 5.578751341291767, 5.134306896847322, 42.95833333333333, 13.833333333333332, 59.388888888888886, 43.41666666666666, 18.776002748951854, 54.041666666666664, 8.101170433992525, 9.68247211293354, 67.0943355015103, 6.875, 19.828938697574657, 38.43055555555555, 1.8034651248602172, 0.8811995104514277, 15.84722222222222, 13.922016177876868, 6.152777777777778, 7.500762123386909, 65.69444444444444, 11.315979015013143, 47.19424599123711, 11.830854956844608, 10.45486790390203, 0.0, 0.0, 0.0, 0.0, 0.0, 0.0, 0.0, 0.0, 0.0, 0.0, 0.0, 0.0, 0.0, 0.0, 0.0, 0.0, 0.0, 0.0, 0.0]
	usedVehicles=5
	currentTime=[67.0943355015103, 45.875, 43.41666666666666, 59.388888888888886, 38.43055555555555]
	currentQuantity=[20.0, 20.0, 18.0, 20.0, 4.0]
	total_tour_length=12.965926176968654
	costObjectives=[12.965926176968654, 2.2796948804586346]
}

14:

Ant{
	tours=[[-1, 7, 8, 9, 26, 36, 33, 3, 5, 4, 42, 1, -1], [-1, 38, 23, 15, 37, 16, 22, 14, 40, 12, 13, 30, -1], [-1, 11, 18, 17, 21, 20, 19, 39, 29, 32, 2, 10, -1], [-1, 0, 35, 34, 31, 28, 44, 41, 43, 27, 25, 24, -1], [-1, 6, -1]]
	tour_lengths=[2.7547374542793333, 3.693756264932, 3.015649284638686, 2.4444404555747177, 1.1197580205970206]
	beginService=[0.0, 0.25946585683707507, 48.52553565071786, 11.130457260696936, 43.20833333333333, 46.33333333333333, 45.875, 38.43055555555555, 0.1416394309331329, 5.25, 5.736111111111112, 36.31944444444444, 2.5, 66.82207805695023, 67.76388708022671, 45.875, 15.736111111111109, 29.041666666666664, 4.4672547249401005, 3.969602615289471, 7.680555555555555, 5.578751341291767, 5.134306896847322, 42.95833333333333, 13.833333333333332, 59.388888888888886, 54.93055555555555, 6.463342774652749, 54.041666666666664, 8.101170433992525, 9.826559857671644, 69.55505039409152, 6.875, 10.423782079893865, 38.43055555555555, 1.8034651248602172, 0.8811995104514277, 8.083333333333332, 16.22757173343242, 6.152777777777778, 8.364380334189878, 65.69444444444444, 10.253948211770304, 47.33620216132963, 10.768824153601768, 9.392837100659191, 0.0, 0.0, 0.0, 0.0, 0.0, 0.0, 0.0, 0.0, 0.0, 0.0, 0.0, 0.0, 0.0, 0.0, 0.0, 0.0, 0.0, 0.0, 0.0]
	usedVehicles=5
	currentTime=[48.52553565071786, 69.55505039409152, 36.31944444444444, 59.388888888888886, 38.43055555555555]
	currentQuantity=[20.0, 20.0, 18.0, 20.0, 4.0]
	total_tour_length=13.028341480021757
	costObjectives=[13.028341480021757, 2.5739982443349794]
}

15:

Ant{
	tours=[[-1, 7, 8, 9, 10, 12, 13, 14, 40, 2, 1, 26, 32, -1], [-1, 39, 19, 43, 23, 15, 16, 37, 22, 25, 24, 42, 4, -1], [-1, 11, 18, 17, 21, 20, 38, 31, 28, 44, 41, 27, -1], [-1, 0, 35, 34, 29, 36, 30, 33, 3, 5, -1], [-1, 6, -1]]
	tour_lengths=[2.01436516248739, 4.112466821580143, 2.95009507038624, 2.71851298399181, 1.1197580205970206]
	beginService=[0.0, 0.25946585683707507, 67.64498734603589, 66.78387623492479, 43.20833333333333, 61.53729337040752, 45.875, 38.43055555555555, 0.1416394309331329, 5.25, 5.736111111111112, 36.31944444444444, 2.5, 36.953062490997404, 37.89487151427389, 45.875, 15.736111111111109, 29.041666666666664, 4.4672547249401005, 3.969602615289471, 7.680555555555555, 5.578751341291767, 5.134306896847322, 42.95833333333333, 13.833333333333332, 59.388888888888886, 43.41666666666666, 68.10557453576045, 54.041666666666664, 9.567704797427664, 3.427434903133447, 9.374999999999998, 8.341534363435137, 69.15851048438326, 38.43055555555555, 1.8034651248602172, 0.8811995104514277, 8.083333333333332, 29.48611111111111, 7.6099848065252855, 0.268238998830944, 65.69444444444444, 11.720482575205443, 60.534424542411216, 8.862246630773356, 10.85937146409433, 0.0, 0.0, 0.0, 0.0, 0.0, 0.0, 0.0, 0.0, 0.0, 0.0, 0.0, 0.0, 0.0, 0.0, 0.0, 0.0, 0.0, 0.0, 0.0]
	usedVehicles=5
	currentTime=[69.15851048438326, 61.53729337040752, 54.041666666666664, 45.875, 38.43055555555555]
	currentQuantity=[19.0, 20.0, 20.0, 19.0, 4.0]
	total_tour_length=12.915198059042602
	costObjectives=[12.915198059042602, 2.9927088009831224]
}

16:

Ant{
	tours=[[-1, 7, 8, 9, 39, 19, 23, 15, 16, 40, 12, 13, -1], [-1, 1, 2, 4, 6, 10, 14, 37, 22, 25, 27, 29, 30, -1], [-1, 11, 18, 17, 21, 20, 38, 31, 28, 44, 41, 24, -1], [-1, 0, 35, 34, 32, 36, 33, 26, 3, 5, 42, -1], [-1, 43, -1]]
	tour_lengths=[2.801095207668601, 3.548939902975119, 3.074860775489595, 2.6783268079320233, 1.6256527653777257]
	beginService=[0.0, 0.25946585683707507, 0.22395160411940412, 0.6683960485638486, 43.20833333333333, 1.8379437829224654, 45.875, 38.43055555555555, 0.1416394309331329, 5.25, 5.736111111111112, 40.51388888888888, 2.5, 66.82207805695023, 67.76388708022671, 45.875, 15.736111111111109, 29.041666666666664, 4.4672547249401005, 3.969602615289471, 7.680555555555555, 5.578751341291767, 5.134306896847322, 47.86862527309024, 13.833333333333332, 59.388888888888886, 48.32695860642357, 40.49005932288141, 54.041666666666664, 9.567704797427664, 54.863260548253145, 55.36885949599527, 8.341534363435137, 3.33262833655802, 38.43055555555555, 1.8034651248602172, 0.8811995104514277, 8.083333333333332, 47.174180828645795, 7.6099848065252855, 6.490994323941276, 65.69444444444444, 11.720482575205443, 46.441254577975954, 0.8128263826888629, 10.85937146409433, 0.0, 0.0, 0.0, 0.0, 0.0, 0.0, 0.0, 0.0, 0.0, 0.0, 0.0, 0.0, 0.0, 0.0, 0.0, 0.0, 0.0, 0.0, 0.0]
	usedVehicles=5
	currentTime=[67.76388708022671, 55.36885949599527, 59.388888888888886, 46.441254577975954, 0.8128263826888629]
	currentQuantity=[19.0, 20.0, 20.0, 20.0, 3.0]
	total_tour_length=13.728875459443065
	costObjectives=[13.728875459443065, 1.9232871375973932]
}

17:

Ant{
	tours=[[-1, 7, 8, 9, 10, 12, 13, 14, 40, 2, 42, 4, 1, -1], [-1, 38, 31, 32, 36, 23, 15, 37, 16, 22, 25, 24, 26, -1], [-1, 11, 18, 17, 21, 20, 39, 19, 33, 3, 5, -1], [-1, 0, 35, 34, 29, 28, 44, 41, 43, 27, 30, -1], [-1, 6, -1]]
	tour_lengths=[2.4902200457137234, 2.4547977429474566, 3.8440377994041426, 2.4436500142360167, 1.1197580205970206]
	beginService=[0.0, 0.25946585683707507, 70.13764542703181, 66.78387623492479, 43.20833333333333, 68.95021351636565, 45.875, 38.43055555555555, 0.1416394309331329, 5.25, 5.736111111111112, 36.31944444444444, 2.5, 36.953062490997404, 37.89487151427389, 45.875, 15.736111111111109, 29.041666666666664, 4.4672547249401005, 3.969602615289471, 8.601253568687898, 5.578751341291767, 5.134306896847322, 42.95833333333333, 13.833333333333332, 59.388888888888886, 43.41666666666666, 60.291666666666664, 54.041666666666664, 4.175403248741129, 3.427434903133447, 54.95153558068235, 6.884327334687629, 7.81586994318576, 38.43055555555555, 1.8034651248602172, 0.8811995104514277, 8.30198105429687, 16.22757173343242, 6.152777777777778, 7.500762123386909, 65.69444444444444, 9.680555555555557, 67.94734468836936, 10.195431497387021, 8.819444444444445, 0.0, 0.0, 0.0, 0.0, 0.0, 0.0, 0.0, 0.0, 0.0, 0.0, 0.0, 0.0, 0.0, 0.0, 0.0, 0.0, 0.0, 0.0, 0.0]
	usedVehicles=5
	currentTime=[70.13764542703181, 60.291666666666664, 45.875, 54.95153558068235, 38.43055555555555]
	currentQuantity=[20.0, 19.0, 19.0, 20.0, 4.0]
	total_tour_length=12.352463622898359
	costObjectives=[12.352463622898359, 2.724279778807122]
}

18:

Ant{
	tours=[[-1, 7, 8, 9, 12, 10, 14, 13, 40, 2, 30, -1], [-1, 38, 31, 28, 44, 36, 23, 41, 43, 29, -1], [-1, 11, 18, 17, 21, 20, 19, 39, 15, 37, 16, 22, 25, 27, 24, -1], [-1, 0, 35, 34, 33, 26, 3, 5, 42, 4, 1, 32, -1], [-1, 6, -1]]
	tour_lengths=[2.626599185470972, 3.3260259008395905, 3.076790974605348, 2.6986816407322443, 1.1197580205970206]
	beginService=[0.0, 0.25946585683707507, 48.631555316638426, 66.78387623492479, 43.20833333333333, 47.444123405972256, 45.875, 38.43055555555555, 0.1416394309331329, 5.25, 5.736111111111112, 36.31944444444444, 2.5, 6.426709485046056, 46.783127288987984, 45.875, 13.430555555555555, 29.041666666666664, 4.4672547249401005, 3.969602615289471, 7.680555555555555, 5.578751341291767, 5.134306896847322, 42.95833333333333, 13.833333333333332, 59.388888888888886, 43.41666666666666, 40.49005932288141, 54.041666666666664, 8.110497768680155, 18.296568500781728, 68.0149268200158, 6.884327334687629, 49.31174512165246, 38.43055555555555, 1.8034651248602172, 0.8811995104514277, 10.707311317331905, 13.922016177876868, 6.152777777777778, 8.364380334189878, 65.69444444444444, 16.05987901029851, 46.441254577975954, 16.574754952129975, 9.40216443534682, 0.0, 0.0, 0.0, 0.0, 0.0, 0.0, 0.0, 0.0, 0.0, 0.0, 0.0, 0.0, 0.0, 0.0, 0.0, 0.0, 0.0, 0.0, 0.0]
	usedVehicles=5
	currentTime=[68.0149268200158, 18.296568500781728, 59.388888888888886, 49.31174512165246, 38.43055555555555]
	currentQuantity=[18.0, 20.0, 20.0, 20.0, 4.0]
	total_tour_length=12.847855722245175
	costObjectives=[12.847855722245175, 2.20626788024257]
}

19:

Ant{
	tours=[[-1, 7, 8, 9, 12, 10, 3, 5, 42, 4, 1, 2, 26, 40, -1], [-1, 38, 36, 23, 15, 37, 16, 22, 25, 14, 13, -1], [-1, 11, 18, 17, 21, 20, 19, 39, 24, 30, -1], [-1, 0, 35, 34, 31, 28, 44, 41, 43, 27, 29, 32, -1], [-1, 33, 6, -1]]
	tour_lengths=[2.644815406497489, 2.9055682001445375, 2.419833835200935, 2.470828110034941, 1.7822627093986927]
	beginService=[0.0, 0.25946585683707507, 48.631555316638426, 49.07599976108287, 43.20833333333333, 47.444123405972256, 45.875, 40.722222222222214, 0.1416394309331329, 5.25, 5.736111111111112, 36.31944444444444, 2.5, 6.426709485046056, 46.783127288987984, 45.875, 15.736111111111109, 29.041666666666664, 4.4672547249401005, 3.969602615289471, 7.680555555555555, 5.578751341291767, 5.134306896847322, 42.95833333333333, 13.833333333333332, 59.388888888888886, 43.41666666666666, 49.980152809882775, 54.041666666666664, 8.101170433992525, 54.863260548253145, 60.330584949206546, 6.875, 55.460482770475366, 38.43055555555555, 1.8034651248602172, 0.8811995104514277, 8.083333333333332, 16.22757173343242, 6.152777777777778, 8.364380334189878, 65.69444444444444, 10.253948211770304, 46.441254577975954, 10.768824153601768, 9.392837100659191, 0.0, 0.0, 0.0, 0.0, 0.0, 0.0, 0.0, 0.0, 0.0, 0.0, 0.0, 0.0, 0.0, 0.0, 0.0, 0.0, 0.0, 0.0, 0.0]
	usedVehicles=5
	currentTime=[65.69444444444444, 46.783127288987984, 60.330584949206546, 55.460482770475366, 40.722222222222214]
	currentQuantity=[20.0, 17.0, 17.0, 20.0, 8.0]
	total_tour_length=12.223308261276594
	costObjectives=[12.223308261276594, 1.1233054907458448]
}

20:

Ant{
	tours=[[-1, 7, 8, 9, 26, 36, 30, 2, 3, 5, 42, 4, -1], [-1, 38, 23, 15, 37, 16, 22, 25, 24, 40, 12, 13, 1, -1], [-1, 11, 18, 17, 21, 20, 19, 39, 10, 33, 14, -1], [-1, 0, 35, 34, 31, 28, 44, 41, 43, 27, 29, 32, -1], [-1, 6, -1]]
	tour_lengths=[2.5368701774686406, 2.6225849704353195, 4.050891560408742, 2.470828110034941, 1.1197580205970206]
	beginService=[0.0, 0.25946585683707507, 69.25982377144207, 11.022717251757674, 43.20833333333333, 47.444123405972256, 45.875, 38.43055555555555, 0.1416394309331329, 5.25, 5.736111111111112, 36.31944444444444, 2.5, 66.82207805695023, 67.76388708022671, 45.875, 15.736111111111109, 29.041666666666664, 4.4672547249401005, 3.969602615289471, 7.680555555555555, 5.578751341291767, 5.134306896847322, 42.95833333333333, 13.833333333333332, 59.388888888888886, 43.41666666666666, 6.463342774652749, 54.041666666666664, 8.101170433992525, 54.863260548253145, 9.374999999999998, 6.875, 55.460482770475366, 38.43055555555555, 1.8034651248602172, 0.8811995104514277, 8.083333333333332, 16.22757173343242, 6.152777777777778, 8.364380334189878, 65.69444444444444, 10.253948211770304, 46.441254577975954, 10.768824153601768, 9.392837100659191, 0.0, 0.0, 0.0, 0.0, 0.0, 0.0, 0.0, 0.0, 0.0, 0.0, 0.0, 0.0, 0.0, 0.0, 0.0, 0.0, 0.0, 0.0, 0.0]
	usedVehicles=5
	currentTime=[47.444123405972256, 69.25982377144207, 45.875, 55.460482770475366, 38.43055555555555]
	currentQuantity=[20.0, 18.0, 20.0, 20.0, 4.0]
	total_tour_length=12.800932838944663
	costObjectives=[12.800932838944663, 2.931133539811721]
}

21:

Ant{
	tours=[[-1, 7, 8, 9, 10, 1, 3, 5, 4, 42, 2, 26, 30, 29, -1], [-1, 38, 23, 15, 37, 16, 22, 25, 14, 24, 40, 12, 13, -1], [-1, 11, 18, 17, 21, 20, 19, 39, 43, 33, -1], [-1, 0, 35, 34, 31, 28, 44, 36, 32, 41, 27, -1], [-1, 6, -1]]
	tour_lengths=[2.5579502794975437, 3.594497893530888, 3.641971578880097, 3.211725886044709, 1.1197580205970206]
	beginService=[0.0, 0.25946585683707507, 37.077732607673575, 48.49967061477421, 43.20833333333333, 46.33333333333333, 45.875, 38.43055555555555, 0.1416394309331329, 5.25, 5.736111111111112, 36.31944444444444, 2.5, 66.82207805695023, 67.76388708022671, 45.875, 15.736111111111109, 29.041666666666664, 4.4672547249401005, 3.969602615289471, 7.680555555555555, 5.578751341291767, 5.134306896847322, 42.95833333333333, 13.833333333333332, 59.388888888888886, 43.41666666666666, 49.403823663574116, 54.041666666666664, 8.101170433992525, 51.90299489731457, 50.56406261623911, 6.875, 12.01742842708872, 38.43055555555555, 1.8034651248602172, 0.8811995104514277, 10.697983982644276, 16.22757173343242, 6.152777777777778, 8.364380334189878, 65.69444444444444, 12.976473543471126, 47.33620216132963, 10.059272690816035, 9.392837100659191, 0.0, 0.0, 0.0, 0.0, 0.0, 0.0, 0.0, 0.0, 0.0, 0.0, 0.0, 0.0, 0.0, 0.0, 0.0, 0.0, 0.0, 0.0, 0.0]
	usedVehicles=5
	currentTime=[51.90299489731457, 67.76388708022671, 38.43055555555555, 54.041666666666664, 38.43055555555555]
	currentQuantity=[20.0, 19.0, 20.0, 19.0, 4.0]
	total_tour_length=14.125903658550259
	costObjectives=[14.125903658550259, 2.5222135582830765]
}

22:

Ant{
	tours=[[-1, 7, 8, 9, 16, 10, 14, 37, 22, 25, 24, 40, 12, 13, -1], [-1, 26, 30, 28, 44, 41, 43, 23, 15, 27, -1], [-1, 11, 18, 17, 21, 20, 19, 39, 38, 31, 36, 29, -1], [-1, 0, 35, 34, 33, 3, 5, 42, 4, 2, 1, 32, -1], [-1, 6, -1]]
	tour_lengths=[3.5732468781256896, 3.4425921442810092, 2.50264472336552, 2.625245990931035, 1.1197580205970206]
	beginService=[0.0, 0.25946585683707507, 49.47478225144199, 48.61367114033087, 43.20833333333333, 47.444123405972256, 45.875, 38.43055555555555, 0.1416394309331329, 5.25, 5.736111111111112, 36.31944444444444, 2.5, 66.82207805695023, 67.76388708022671, 45.875, 15.736111111111109, 29.041666666666664, 4.4672547249401005, 3.969602615289471, 7.680555555555555, 5.578751341291767, 5.134306896847322, 47.86862527309024, 13.833333333333332, 59.388888888888886, 48.32695860642357, 0.21960261528947078, 54.041666666666664, 3.8055555555555554, 12.43762885314199, 1.3798415679544656, 10.165374335544174, 50.15497205645602, 38.43055555555555, 1.8034651248602172, 0.8811995104514277, 11.068152113321952, 47.174180828645795, 9.433824778634323, 8.364380334189878, 65.69444444444444, 9.680555555555557, 46.441254577975954, 10.195431497387021, 8.819444444444445, 0.0, 0.0, 0.0, 0.0, 0.0, 0.0, 0.0, 0.0, 0.0, 0.0, 0.0, 0.0, 0.0, 0.0, 0.0, 0.0, 0.0, 0.0, 0.0]
	usedVehicles=5
	currentTime=[67.76388708022671, 54.041666666666664, 12.43762885314199, 50.15497205645602, 38.43055555555555]
	currentQuantity=[18.0, 20.0, 20.0, 20.0, 4.0]
	total_tour_length=13.263487757300274
	costObjectives=[13.263487757300274, 2.453488857528669]
}

23:

Ant{
	tours=[[-1, 7, 8, 9, 12, 10, 3, 5, 42, 4, 2, 26, 40, -1], [-1, 38, 23, 15, 37, 16, 6, 22, 25, 14, 24, 13, -1], [-1, 11, 18, 17, 21, 20, 19, 39, 44, 41, 43, 27, -1], [-1, 0, 35, 34, 31, 28, 36, 29, 30, 32, 1, -1], [-1, 33, -1]]
	tour_lengths=[2.5991534524121627, 4.8207260184601575, 3.02443685583886, 2.5476717918149023, 1.1947673982003648]
	beginService=[0.0, 0.25946585683707507, 13.712208443057108, 48.61367114033087, 43.20833333333333, 47.444123405972256, 45.875, 38.43055555555555, 0.1416394309331329, 5.25, 5.736111111111112, 36.31944444444444, 2.5, 6.426709485046056, 60.41871500151789, 45.875, 15.736111111111109, 29.041666666666664, 4.4672547249401005, 3.969602615289471, 7.680555555555555, 5.578751341291767, 5.134306896847322, 42.95833333333333, 13.833333333333332, 59.388888888888886, 43.41666666666666, 49.51782418913078, 54.041666666666664, 8.101170433992525, 11.165308579189844, 11.670907526931966, 6.875, 13.032018638043077, 38.43055555555555, 1.8034651248602172, 0.8811995104514277, 9.795831839369807, 16.22757173343242, 6.152777777777778, 8.364380334189878, 65.69444444444444, 10.82384918718546, 46.441254577975954, 11.338725129016924, 9.962738076074347, 0.0, 0.0, 0.0, 0.0, 0.0, 0.0, 0.0, 0.0, 0.0, 0.0, 0.0, 0.0, 0.0, 0.0, 0.0, 0.0, 0.0, 0.0, 0.0]
	usedVehicles=5
	currentTime=[65.69444444444444, 60.41871500151789, 54.041666666666664, 13.712208443057108, 38.43055555555555]
	currentQuantity=[19.0, 19.0, 20.0, 20.0, 4.0]
	total_tour_length=14.18675551672645
	costObjectives=[14.18675551672645, 3.6259586202597927]
}

24:

Ant{
	tours=[[-1, 7, 8, 9, 26, 30, 23, 41, 43, 27, -1], [-1, 38, 31, 28, 44, 36, 2, 3, 5, 42, 1, 32, 29, -1], [-1, 11, 18, 17, 21, 20, 19, 39, 15, 37, 16, 22, 24, 25, -1], [-1, 0, 35, 34, 4, 10, 14, 13, 40, 12, -1], [-1, 33, 6, -1]]
	tour_lengths=[2.7756814445165525, 3.522370944919776, 2.205099207322915, 3.0216526019044614, 1.7822627093986927]
	beginService=[0.0, 0.25946585683707507, 47.63058806736419, 12.314393543225862, 43.20833333333333, 3.572024977710064, 45.875, 40.722222222222214, 0.1416394309331329, 5.25, 5.736111111111112, 36.31944444444444, 2.5, 66.82207805695023, 46.783127288987984, 45.875, 13.430555555555555, 29.041666666666664, 4.4672547249401005, 3.969602615289471, 7.680555555555555, 5.578751341291767, 5.134306896847322, 42.95833333333333, 13.833333333333332, 59.388888888888886, 59.916666666666664, 6.463342774652749, 54.041666666666664, 8.110497768680155, 48.90800009460044, 7.6235817273177435, 6.884327334687629, 48.31077787237822, 38.43055555555555, 1.8034651248602172, 0.8811995104514277, 10.707311317331905, 13.922016177876868, 6.152777777777778, 8.364380334189878, 65.69444444444444, 16.05987901029851, 46.441254577975954, 16.574754952129975, 9.40216443534682, 0.0, 0.0, 0.0, 0.0, 0.0, 0.0, 0.0, 0.0, 0.0, 0.0, 0.0, 0.0, 0.0, 0.0, 0.0, 0.0, 0.0, 0.0, 0.0]
	usedVehicles=5
	currentTime=[54.041666666666664, 48.90800009460044, 59.916666666666664, 66.82207805695023, 40.722222222222214]
	currentQuantity=[18.0, 20.0, 19.0, 17.0, 8.0]
	total_tour_length=13.307066908062398
	costObjectives=[13.307066908062398, 1.7401082355210835]
}

25:

Ant{
	tours=[[-1, 7, 8, 9, 10, 3, 5, 42, 1, 2, 4, 26, 30, 32, -1], [-1, 38, 23, 15, 37, 16, 22, 25, 14, 24, 40, 12, 13, -1], [-1, 11, 18, 17, 21, 20, 19, 39, 43, 33, -1], [-1, 0, 35, 34, 31, 28, 44, 36, 29, 41, 27, -1], [-1, 6, -1]]
	tour_lengths=[2.9963555333317053, 3.594497893530888, 3.641971578880097, 3.093091510789942, 1.1197580205970206]
	beginService=[0.0, 0.25946585683707507, 47.63058806736419, 48.07503251180863, 43.20833333333333, 49.244580246167246, 45.875, 38.43055555555555, 0.1416394309331329, 5.25, 5.736111111111112, 36.31944444444444, 2.5, 66.82207805695023, 67.76388708022671, 45.875, 15.736111111111109, 29.041666666666664, 4.4672547249401005, 3.969602615289471, 7.680555555555555, 5.578751341291767, 5.134306896847322, 42.95833333333333, 13.833333333333332, 59.388888888888886, 43.41666666666666, 50.470750680159775, 54.041666666666664, 8.101170433992525, 12.067460722464313, 51.63098963282477, 6.875, 52.992100743935886, 38.43055555555555, 1.8034651248602172, 0.8811995104514277, 10.697983982644276, 16.22757173343242, 6.152777777777778, 8.364380334189878, 65.69444444444444, 12.85783916821636, 46.441254577975954, 10.059272690816035, 9.392837100659191, 0.0, 0.0, 0.0, 0.0, 0.0, 0.0, 0.0, 0.0, 0.0, 0.0, 0.0, 0.0, 0.0, 0.0, 0.0, 0.0, 0.0, 0.0, 0.0]
	usedVehicles=5
	currentTime=[52.992100743935886, 67.76388708022671, 38.43055555555555, 54.041666666666664, 38.43055555555555]
	currentQuantity=[20.0, 19.0, 20.0, 19.0, 4.0]
	total_tour_length=14.445674537129653
	costObjectives=[14.445674537129653, 2.5222135582830765]
}

26:

Ant{
	tours=[[-1, 7, 8, 9, 12, 13, 14, 42, 3, 5, 4, 1, 26, 32, -1], [-1, 38, 23, 15, 37, 16, 10, 6, 22, 25, 24, 40, 2, -1], [-1, 11, 18, 17, 21, 20, 39, 19, 41, 43, 27, -1], [-1, 0, 35, 34, 31, 28, 44, 36, 29, 30, -1], [-1, 33, -1]]
	tour_lengths=[2.789779114462094, 3.2335284642213074, 3.1814232293828684, 2.4308511022703394, 1.1947673982003648]
	beginService=[0.0, 0.25946585683707507, 50.6809451286748, 66.78387623492479, 48.31390610412723, 49.49351321800863, 49.0351798846753, 38.43055555555555, 0.1416394309331329, 5.25, 5.736111111111112, 36.31944444444444, 2.5, 6.426709485046056, 7.368518508322538, 45.875, 15.736111111111109, 29.041666666666664, 4.4672547249401005, 3.969602615289471, 8.601253568687898, 5.578751341291767, 5.134306896847322, 42.95833333333333, 13.833333333333332, 59.388888888888886, 43.41666666666666, 51.141532318399356, 54.041666666666664, 8.101170433992525, 12.067460722464313, 12.573059670206435, 6.875, 52.19446826702216, 38.43055555555555, 1.8034651248602172, 0.8811995104514277, 10.697983982644276, 16.22757173343242, 6.152777777777778, 7.500762123386909, 65.69444444444444, 9.740142457576786, 47.19424599123711, 10.25501839940825, 9.392837100659191, 0.0, 0.0, 0.0, 0.0, 0.0, 0.0, 0.0, 0.0, 0.0, 0.0, 0.0, 0.0, 0.0, 0.0, 0.0, 0.0, 0.0, 0.0, 0.0]
	usedVehicles=5
	currentTime=[52.19446826702216, 66.78387623492479, 54.041666666666664, 12.573059670206435, 38.43055555555555]
	currentQuantity=[20.0, 20.0, 18.0, 20.0, 4.0]
	total_tour_length=12.830349308536974
	costObjectives=[12.830349308536974, 2.0387610660209425]
}

27:

Ant{
	tours=[[-1, 7, 8, 9, 12, 15, 23, 37, 16, 10, 22, 25, 24, 13, -1], [-1, 1, 2, 32, 30, 28, 44, 41, 43, 14, 27, -1], [-1, 11, 18, 17, 21, 20, 19, 39, 38, 31, 36, 29, -1], [-1, 0, 35, 34, 33, 26, 3, 5, 42, 4, 40, -1], [-1, 6, -1]]
	tour_lengths=[3.7896799695208325, 4.511771590613386, 2.50264472336552, 2.3996839297348296, 1.1197580205970206]
	beginService=[0.0, 0.25946585683707507, 0.22395160411940412, 0.6683960485638486, 43.20833333333333, 47.444123405972256, 45.875, 38.43055555555555, 0.1416394309331329, 5.25, 5.736111111111112, 36.31944444444444, 2.5, 6.426709485046056, 60.41871500151789, 45.875, 13.430555555555555, 29.041666666666664, 4.4672547249401005, 3.969602615289471, 7.680555555555555, 5.578751341291767, 5.134306896847322, 42.95833333333333, 14.083333333333332, 59.388888888888886, 43.41666666666666, 40.49005932288141, 54.041666666666664, 3.98941057541778, 12.43762885314199, 2.319515673811364, 10.165374335544174, 1.7917378960335861, 38.43055555555555, 1.8034651248602172, 0.8811995104514277, 11.068152113321952, 16.06056499687497, 9.433824778634323, 8.364380334189878, 65.69444444444444, 9.680555555555557, 46.441254577975954, 10.195431497387021, 8.819444444444445, 0.0, 0.0, 0.0, 0.0, 0.0, 0.0, 0.0, 0.0, 0.0, 0.0, 0.0, 0.0, 0.0, 0.0, 0.0, 0.0, 0.0, 0.0, 0.0]
	usedVehicles=5
	currentTime=[60.41871500151789, 54.041666666666664, 12.43762885314199, 65.69444444444444, 38.43055555555555]
	currentQuantity=[19.0, 19.0, 20.0, 20.0, 4.0]
	total_tour_length=14.323538233831588
	costObjectives=[14.323538233831588, 3.3920135700163656]
}

28:

Ant{
	tours=[[-1, 7, 8, 9, 10, 12, 14, 13, 40, 1, 2, 42, 4, -1], [-1, 39, 19, 44, 36, 29, 41, 43, 27, 30, 32, 26, -1], [-1, 11, 18, 17, 21, 20, 6, 3, 5, 24, 25, -1], [-1, 0, 35, 34, 31, 28, 38, 23, 15, 37, 16, 22, -1], [-1, 33, -1]]
	tour_lengths=[2.4872034692514804, 3.449901276114332, 3.9295220614109168, 2.741600984010378, 1.1947673982003648]
	beginService=[0.0, 0.25946585683707507, 66.8027637482392, 67.24720819268364, 43.20833333333333, 69.4135454741245, 45.875, 38.43055555555555, 0.1416394309331329, 5.25, 5.736111111111112, 36.31944444444444, 2.5, 36.953062490997404, 46.783127288987984, 45.875, 15.736111111111109, 29.041666666666664, 4.4672547249401005, 3.969602615289471, 7.680555555555555, 5.578751341291767, 5.134306896847322, 42.95833333333333, 13.833333333333332, 59.388888888888886, 59.916666666666664, 56.94891597374959, 54.041666666666664, 8.101170433992525, 11.494068066249566, 54.95153558068235, 6.875, 56.31264669179346, 38.43055555555555, 1.8034651248602172, 0.8811995104514277, 10.12459132642953, 16.22757173343242, 9.86973028684237, 0.268238998830944, 65.69444444444444, 12.284446512001614, 68.41067664612821, 12.799322453833078, 8.819444444444445, 0.0, 0.0, 0.0, 0.0, 0.0, 0.0, 0.0, 0.0, 0.0, 0.0, 0.0, 0.0, 0.0, 0.0, 0.0, 0.0, 0.0, 0.0, 0.0]
	usedVehicles=5
	currentTime=[69.4135454741245, 56.94891597374959, 59.916666666666664, 42.95833333333333, 38.43055555555555]
	currentQuantity=[20.0, 20.0, 18.0, 20.0, 4.0]
	total_tour_length=13.802995188987474
	costObjectives=[13.802995188987474, 2.734754663210552]
}

29:

Ant{
	tours=[[-1, 7, 8, 9, 12, 10, 14, 13, 40, 1, 2, 4, 42, -1], [-1, 26, 30, 29, 41, 43, 44, 32, 33, 5, 27, -1], [-1, 11, 18, 17, 21, 20, 19, 39, 15, 37, 16, 22, 25, 24, -1], [-1, 0, 35, 34, 31, 28, 38, 23, 36, 3, -1], [-1, 6, -1]]
	tour_lengths=[2.8308737054389637, 4.5915195502158515, 2.1323465301609037, 2.8686324667587852, 1.1197580205970206]
	beginService=[0.0, 0.25946585683707507, 66.8027637482392, 67.24720819268364, 43.20833333333333, 68.41675592704226, 45.875, 38.43055555555555, 0.1416394309331329, 5.25, 5.736111111111112, 36.31944444444444, 2.5, 6.426709485046056, 46.783127288987984, 45.875, 13.430555555555555, 29.041666666666664, 4.4672547249401005, 3.969602615289471, 7.680555555555555, 5.578751341291767, 5.134306896847322, 42.95833333333333, 13.833333333333332, 59.388888888888886, 43.41666666666666, 0.21960261528947078, 54.041666666666664, 8.101170433992525, 2.7187738490299216, 1.3798415679544656, 6.875, 10.17412012164232, 38.43055555555555, 1.8034651248602172, 0.8811995104514277, 15.84722222222222, 13.922016177876868, 9.86973028684237, 8.364380334189878, 65.69444444444444, 3.509152294781969, 69.41962475503856, 4.024028236613434, 8.819444444444445, 0.0, 0.0, 0.0, 0.0, 0.0, 0.0, 0.0, 0.0, 0.0, 0.0, 0.0, 0.0, 0.0, 0.0, 0.0, 0.0, 0.0, 0.0, 0.0]
	usedVehicles=5
	currentTime=[69.41962475503856, 54.041666666666664, 59.388888888888886, 43.20833333333333, 38.43055555555555]
	currentQuantity=[20.0, 19.0, 19.0, 20.0, 4.0]
	total_tour_length=13.543130273171526
	costObjectives=[13.543130273171526, 3.471761529618831]
}

30:

Ant{
	tours=[[-1, 7, 8, 9, 10, 14, 13, 40, 12, 29, 30, 2, -1], [-1, 39, 19, 36, 23, 15, 37, 16, 6, 22, 25, 24, -1], [-1, 11, 18, 17, 21, 20, 38, 31, 28, 44, 41, 27, -1], [-1, 0, 35, 34, 33, 26, 3, 5, 4, 42, 1, 32, -1], [-1, 43, -1]]
	tour_lengths=[3.041244666252978, 4.014306836077136, 2.95009507038624, 2.592661974811684, 1.6256527653777257]
	beginService=[0.0, 0.25946585683707507, 48.52553565071786, 70.70840174204457, 43.20833333333333, 46.33333333333333, 45.875, 38.43055555555555, 0.1416394309331329, 5.25, 5.736111111111112, 36.31944444444444, 2.5, 66.82207805695023, 46.783127288987984, 45.875, 15.736111111111109, 29.041666666666664, 4.4672547249401005, 3.969602615289471, 7.680555555555555, 5.578751341291767, 5.134306896847322, 42.95833333333333, 13.833333333333332, 59.388888888888886, 43.41666666666666, 40.49005932288141, 54.041666666666664, 9.567704797427664, 68.55508554254476, 69.06068449028689, 8.341534363435137, 49.205725455731894, 38.43055555555555, 1.8034651248602172, 0.8811995104514277, 8.799126598249625, 16.22757173343242, 7.6099848065252855, 0.268238998830944, 65.69444444444444, 11.720482575205443, 47.33620216132963, 0.8128263826888629, 10.85937146409433, 0.0, 0.0, 0.0, 0.0, 0.0, 0.0, 0.0, 0.0, 0.0, 0.0, 0.0, 0.0, 0.0, 0.0, 0.0, 0.0, 0.0, 0.0, 0.0]
	usedVehicles=5
	currentTime=[70.70840174204457, 59.388888888888886, 54.041666666666664, 49.205725455731894, 0.8128263826888629]
	currentQuantity=[19.0, 20.0, 20.0, 20.0, 3.0]
	total_tour_length=14.223961312905764
	costObjectives=[14.223961312905764, 2.38865407069941]
}

31:

Ant{
	tours=[[-1, 7, 8, 9, 12, 39, 13, 10, 6, 3, 5, 14, -1], [-1, 38, 23, 15, 37, 16, 43, 27, 30, 26, 40, -1], [-1, 11, 18, 17, 21, 20, 19, 22, 25, 24, 42, 4, 2, -1], [-1, 0, 35, 34, 31, 28, 44, 36, 29, 41, 32, 1, -1], [-1, 33, -1]]
	tour_lengths=[3.9618786304230325, 2.816744990314422, 2.89146434330351, 3.332537438370592, 1.1947673982003648]
	beginService=[0.0, 0.25946585683707507, 14.497074089612797, 62.706841104766134, 43.20833333333333, 61.53729337040752, 45.875, 38.43055555555555, 0.1416394309331329, 5.25, 5.736111111111112, 36.31944444444444, 2.5, 6.426709485046056, 8.929398746079043, 46.9257062339174, 15.736111111111109, 29.041666666666664, 4.4672547249401005, 3.969602615289471, 7.680555555555555, 5.578751341291767, 5.134306896847322, 42.95833333333333, 13.833333333333332, 59.388888888888886, 43.41666666666666, 56.52844120001401, 54.041666666666664, 8.101170433992525, 12.067460722464313, 54.95153558068235, 6.875, 13.816884284598766, 38.43055555555555, 1.8034651248602172, 0.8811995104514277, 10.697983982644276, 16.22757173343242, 6.152777777777778, 7.651404007368427, 65.69444444444444, 12.85783916821636, 60.534424542411216, 30.333333333333332, 9.392837100659191, 0.0, 0.0, 0.0, 0.0, 0.0, 0.0, 0.0, 0.0, 0.0, 0.0, 0.0, 0.0, 0.0, 0.0, 0.0, 0.0, 0.0, 0.0, 0.0]
	usedVehicles=5
	currentTime=[46.9257062339174, 65.69444444444444, 62.706841104766134, 14.497074089612797, 38.43055555555555]
	currentQuantity=[19.0, 19.0, 20.0, 20.0, 4.0]
	total_tour_length=14.197392800611919
	costObjectives=[14.197392800611919, 2.7671112322226676]
}

32:

Ant{
	tours=[[-1, 7, 8, 9, 10, 12, 14, 37, 22, 25, 27, 24, 40, 13, -1], [-1, 26, 30, 28, 41, 43, 44, 23, 15, 16, -1], [-1, 11, 18, 17, 21, 20, 19, 39, 38, 31, 36, 29, -1], [-1, 0, 35, 34, 33, 3, 5, 42, 4, 1, 2, 32, -1], [-1, 6, -1]]
	tour_lengths=[3.8538473324010503, 2.3712245164551, 2.50264472336552, 2.6696155430276236, 1.1197580205970206]
	beginService=[0.0, 0.25946585683707507, 48.631555316638426, 49.07599976108287, 43.20833333333333, 47.444123405972256, 45.875, 38.43055555555555, 0.1416394309331329, 5.25, 5.736111111111112, 36.31944444444444, 2.5, 36.953062490997404, 66.92549502953545, 45.875, 15.736111111111109, 29.041666666666664, 4.4672547249401005, 3.969602615289471, 7.680555555555555, 5.578751341291767, 5.134306896847322, 47.86862527309024, 13.833333333333332, 59.388888888888886, 48.32695860642357, 0.21960261528947078, 54.041666666666664, 3.8055555555555554, 12.43762885314199, 1.3798415679544656, 10.165374335544174, 50.19934160855261, 38.43055555555555, 1.8034651248602172, 0.8811995104514277, 11.068152113321952, 47.174180828645795, 9.433824778634323, 8.364380334189878, 65.69444444444444, 5.125, 46.441254577975954, 5.639875941831465, 8.819444444444445, 0.0, 0.0, 0.0, 0.0, 0.0, 0.0, 0.0, 0.0, 0.0, 0.0, 0.0, 0.0, 0.0, 0.0, 0.0, 0.0, 0.0, 0.0, 0.0]
	usedVehicles=5
	currentTime=[66.92549502953545, 29.041666666666664, 12.43762885314199, 50.19934160855261, 38.43055555555555]
	currentQuantity=[18.0, 20.0, 20.0, 20.0, 4.0]
	total_tour_length=12.517090135846313
	costObjectives=[12.517090135846313, 2.7340893118040297]
}

33:

Ant{
	tours=[[-1, 7, 8, 9, 2, 32, 30, 28, 44, 41, 43, 27, -1], [-1, 39, 19, 15, 16, 37, 10, 6, 24, 40, 12, 13, 25, 29, -1], [-1, 11, 18, 17, 21, 20, 38, 31, 36, 23, -1], [-1, 0, 35, 34, 33, 26, 1, 3, 5, 42, 4, 22, -1], [-1, 14, -1]]
	tour_lengths=[2.353427277415214, 4.895038514598082, 2.310491477677007, 2.9231715432547, 1.1197580205970206]
	beginService=[0.0, 0.25946585683707507, 41.367313179272635, 6.411126044968588, 43.20833333333333, 47.444123405972256, 45.875, 38.43055555555555, 0.1416394309331329, 5.25, 5.736111111111112, 36.31944444444444, 2.5, 66.82207805695023, 67.76388708022671, 45.875, 13.430555555555555, 29.041666666666664, 4.4672547249401005, 3.969602615289471, 7.680555555555555, 5.578751341291767, 5.134306896847322, 49.11655715413855, 13.833333333333332, 59.388888888888886, 69.31904188357039, 40.49005932288141, 54.041666666666664, 9.73214057182252, 70.1718285076845, 8.062245670216104, 8.341534363435137, 7.534467892438325, 38.43055555555555, 1.8034651248602172, 0.8811995104514277, 9.244312141212916, 29.48611111111111, 7.6099848065252855, 0.268238998830944, 65.69444444444444, 11.884918349600298, 46.441254577975954, 12.399794291431762, 11.023807238489185, 0.0, 0.0, 0.0, 0.0, 0.0, 0.0, 0.0, 0.0, 0.0, 0.0, 0.0, 0.0, 0.0, 0.0, 0.0, 0.0, 0.0, 0.0, 0.0]
	usedVehicles=5
	currentTime=[54.041666666666664, 70.1718285076845, 13.833333333333332, 49.11655715413855, 45.875]
	currentQuantity=[20.0, 20.0, 20.0, 20.0, 2.0]
	total_tour_length=13.601886833542023
	costObjectives=[13.601886833542023, 3.7752804940010614]
}

34:

Ant{
	tours=[[-1, 7, 8, 9, 42, 6, 5, 3, 4, 1, 2, 26, 32, -1], [-1, 10, 14, 40, 12, 13, 30, -1], [-1, 11, 18, 17, 21, 20, 38, 31, 36, 23, -1], [-1, 0, 35, 34, 33, 29, 25, 37, 22, 24, -1], [-1, 39, 19, 28, 44, 41, 15, 16, 43, 27, -1]]
	tour_lengths=[2.312752688334163, 2.771301571550517, 2.310491477677007, 2.4514229104247662, 3.774137425425708]
	beginService=[0.0, 0.25946585683707507, 48.47605893067645, 48.920503375120894, 46.596273780548074, 47.28862702001028, 45.875, 39.64163943093313, 0.1416394309331329, 5.25, 5.736111111111112, 36.31944444444444, 2.5, 66.82207805695023, 67.76388708022671, 45.875, 13.430555555555555, 29.041666666666664, 4.4672547249401005, 3.969602615289471, 7.680555555555555, 5.578751341291767, 5.134306896847322, 42.95833333333333, 13.833333333333332, 59.388888888888886, 41.37786778524602, 49.8246564239208, 54.041666666666664, 8.755883650076631, 40.52508116113192, 69.55505039409152, 8.341534363435137, 50.8775923725436, 38.43055555555555, 1.8034651248602172, 0.8811995104514277, 9.244312141212916, 42.113978896357125, 7.6099848065252855, 0.268238998830944, 65.69444444444444, 10.90866142785441, 38.666666666666664, 30.333333333333332, 10.047550316743298, 0.0, 0.0, 0.0, 0.0, 0.0, 0.0, 0.0, 0.0, 0.0, 0.0, 0.0, 0.0, 0.0, 0.0, 0.0, 0.0, 0.0, 0.0, 0.0]
	usedVehicles=5
	currentTime=[50.8775923725436, 69.55505039409152, 13.833333333333332, 59.388888888888886, 54.041666666666664]
	currentQuantity=[20.0, 12.0, 20.0, 15.0, 15.0]
	total_tour_length=13.620106073412162
	costObjectives=[13.620106073412162, 1.463645947748701]
}

35:

Ant{
	tours=[[-1, 7, 8, 9, 10, 3, 5, 42, 4, 1, 2, 26, 30, 29, -1], [-1, 39, 19, 23, 15, 37, 16, 22, 25, 14, 27, 24, 13, 12, -1], [-1, 11, 18, 17, 21, 20, 38, 31, 28, 44, 41, 32, -1], [-1, 0, 35, 34, 36, 33, 6, 40, -1], [-1, 43, -1]]
	tour_lengths=[2.6228509122746737, 5.276304955293055, 3.0126312523750918, 2.4471474466581675, 1.6256527653777257]
	beginService=[0.0, 0.25946585683707507, 48.631555316638426, 49.07599976108287, 43.20833333333333, 47.444123405972256, 45.875, 40.722222222222214, 0.1416394309331329, 5.25, 5.736111111111112, 36.31944444444444, 2.5, 61.36052402479437, 60.41871500151789, 45.875, 15.736111111111109, 29.041666666666664, 4.4672547249401005, 3.969602615289471, 7.680555555555555, 5.578751341291767, 5.134306896847322, 42.95833333333333, 13.833333333333332, 59.388888888888886, 43.41666666666666, 49.980152809882775, 54.041666666666664, 9.567704797427664, 52.47932404362323, 51.14039176254777, 8.341534363435137, 12.679527691587849, 38.43055555555555, 1.8034651248602172, 0.8811995104514277, 8.083333333333332, 16.22757173343242, 7.6099848065252855, 0.268238998830944, 65.69444444444444, 11.720482575205443, 46.441254577975954, 0.8128263826888629, 10.85937146409433, 0.0, 0.0, 0.0, 0.0, 0.0, 0.0, 0.0, 0.0, 0.0, 0.0, 0.0, 0.0, 0.0, 0.0, 0.0, 0.0, 0.0, 0.0, 0.0]
	usedVehicles=5
	currentTime=[52.47932404362323, 61.36052402479437, 12.679527691587849, 65.69444444444444, 0.8128263826888629]
	currentQuantity=[20.0, 20.0, 20.0, 19.0, 3.0]
	total_tour_length=14.984587331978714
	costObjectives=[14.984587331978714, 3.6506521899153292]
}

36:

Ant{
	tours=[[-1, 7, 8, 9, 12, 15, 43, 10, 14, 13, 40, 2, -1], [-1, 39, 19, 23, 36, 30, 29, 25, 37, 16, 22, 24, -1], [-1, 11, 18, 17, 21, 20, 38, 31, 28, 44, 41, 27, -1], [-1, 0, 35, 34, 33, 26, 3, 5, 4, 42, 1, 32, -1], [-1, 6, -1]]
	tour_lengths=[4.169219112387144, 2.7668984830006806, 2.95009507038624, 2.592661974811684, 1.1197580205970206]
	beginService=[0.0, 0.25946585683707507, 48.52553565071786, 66.78387623492479, 43.20833333333333, 46.33333333333333, 45.875, 38.43055555555555, 0.1416394309331329, 5.25, 5.736111111111112, 36.31944444444444, 2.5, 6.426709485046056, 46.783127288987984, 45.875, 13.430555555555555, 29.041666666666664, 4.4672547249401005, 3.969602615289471, 7.680555555555555, 5.578751341291767, 5.134306896847322, 42.95833333333333, 13.833333333333332, 59.388888888888886, 19.330607794078446, 40.49005932288141, 54.041666666666664, 9.567704797427664, 18.477821169964347, 17.13888888888889, 8.341534363435137, 49.205725455731894, 38.43055555555555, 1.8034651248602172, 0.8811995104514277, 15.84722222222222, 20.066718905189557, 7.6099848065252855, 0.268238998830944, 65.69444444444444, 11.720482575205443, 47.33620216132963, 14.68101838998909, 10.85937146409433, 0.0, 0.0, 0.0, 0.0, 0.0, 0.0, 0.0, 0.0, 0.0, 0.0, 0.0, 0.0, 0.0, 0.0, 0.0, 0.0, 0.0, 0.0, 0.0]
	usedVehicles=5
	currentTime=[66.78387623492479, 59.388888888888886, 54.041666666666664, 49.205725455731894, 38.43055555555555]
	currentQuantity=[19.0, 19.0, 20.0, 20.0, 4.0]
	total_tour_length=13.598632661182767
	costObjectives=[13.598632661182767, 3.0494610917901235]
}

37:

Ant{
	tours=[[-1, 7, 8, 9, 12, 13, 10, 3, 5, 42, 4, 1, 14, -1], [-1, 38, 31, 28, 44, 41, 43, 27, 29, 30, 32, 26, -1], [-1, 11, 18, 17, 21, 20, 19, 39, 15, 37, 16, 22, 25, 24, -1], [-1, 0, 35, 34, 36, 23, 40, 2, -1], [-1, 33, 6, -1]]
	tour_lengths=[3.509033968824985, 2.208525221458965, 2.1323465301609037, 2.0079479790689088, 1.7822627093986927]
	beginService=[0.0, 0.25946585683707507, 48.631555316638426, 66.78387623492479, 43.20833333333333, 47.444123405972256, 45.875, 40.722222222222214, 0.1416394309331329, 5.25, 5.736111111111112, 36.31944444444444, 2.5, 6.426709485046056, 7.368518508322538, 49.70040847674253, 13.430555555555555, 29.041666666666664, 4.4672547249401005, 3.969602615289471, 7.680555555555555, 5.578751341291767, 5.134306896847322, 42.95833333333333, 13.833333333333332, 59.388888888888886, 43.41666666666666, 57.36623988906251, 54.041666666666664, 8.110497768680155, 54.863260548253145, 55.36885949599527, 6.884327334687629, 56.72997060710638, 38.43055555555555, 1.8034651248602172, 0.8811995104514277, 8.083333333333332, 13.922016177876868, 6.152777777777778, 8.364380334189878, 65.69444444444444, 10.263275546457933, 46.441254577975954, 10.778151488289398, 9.40216443534682, 0.0, 0.0, 0.0, 0.0, 0.0, 0.0, 0.0, 0.0, 0.0, 0.0, 0.0, 0.0, 0.0, 0.0, 0.0, 0.0, 0.0, 0.0, 0.0]
	usedVehicles=5
	currentTime=[49.70040847674253, 57.36623988906251, 59.388888888888886, 66.78387623492479, 40.722222222222214]
	currentQuantity=[18.0, 20.0, 19.0, 17.0, 8.0]
	total_tour_length=11.640116408912455
	costObjectives=[11.640116408912455, 1.7267712594262925]
}

38:

Ant{
	tours=[[-1, 7, 8, 9, 10, 42, 6, 5, 3, 4, 1, 2, 40, -1], [-1, 38, 31, 28, 44, 41, 43, 27, 29, 30, 32, 26, -1], [-1, 11, 18, 17, 21, 20, 19, 39, 15, 23, 37, 16, -1], [-1, 0, 35, 34, 36, 33, 22, 24, 25, 13, 12, -1], [-1, 14, -1]]
	tour_lengths=[2.1911368206615838, 2.208525221458965, 2.2142999477763636, 3.4340510230431156, 1.1197580205970206]
	beginService=[0.0, 0.25946585683707507, 48.47605893067645, 48.920503375120894, 46.596273780548074, 47.28862702001028, 45.875, 39.64163943093313, 0.1416394309331329, 5.25, 5.736111111111112, 36.31944444444444, 2.5, 61.99696382662016, 61.055154803343676, 45.875, 13.430555555555555, 29.041666666666664, 4.4672547249401005, 3.969602615289471, 7.680555555555555, 5.578751341291767, 5.134306896847322, 42.95833333333333, 14.083333333333332, 59.388888888888886, 59.916666666666664, 57.36623988906251, 54.041666666666664, 8.110497768680155, 54.863260548253145, 55.36885949599527, 6.884327334687629, 56.72997060710638, 38.43055555555555, 1.8034651248602172, 0.8811995104514277, 8.083333333333332, 16.06056499687497, 6.152777777777778, 8.364380334189878, 65.69444444444444, 10.263275546457933, 38.666666666666664, 10.778151488289398, 9.40216443534682, 0.0, 0.0, 0.0, 0.0, 0.0, 0.0, 0.0, 0.0, 0.0, 0.0, 0.0, 0.0, 0.0, 0.0, 0.0, 0.0, 0.0, 0.0, 0.0]
	usedVehicles=5
	currentTime=[65.69444444444444, 57.36623988906251, 29.041666666666664, 61.99696382662016, 45.875]
	currentQuantity=[20.0, 20.0, 20.0, 20.0, 2.0]
	total_tour_length=11.167771033537047
	costObjectives=[11.167771033537047, 2.314293002446095]
}

39:

Ant{
	tours=[[-1, 7, 8, 9, 12, 10, 14, 42, 3, 1, 2, 4, 40, -1], [-1, 38, 31, 28, 44, 41, 43, 27, 29, 30, 32, 26, -1], [-1, 11, 18, 17, 21, 20, 19, 39, 15, 37, 16, 22, 25, 24, -1], [-1, 0, 35, 34, 36, 23, 33, 5, 13, -1], [-1, 6, -1]]
	tour_lengths=[2.9313139530149783, 2.208525221458965, 2.1323465301609037, 3.667298010088549, 1.1197580205970206]
	beginService=[0.0, 0.25946585683707507, 48.80914019092573, 49.253584635370174, 48.31390610412723, 50.42313236972879, 45.875, 38.43055555555555, 0.1416394309331329, 5.25, 5.736111111111112, 36.31944444444444, 2.5, 6.426709485046056, 46.975615125124726, 45.875, 13.430555555555555, 29.041666666666664, 4.4672547249401005, 3.969602615289471, 7.680555555555555, 5.578751341291767, 5.134306896847322, 42.95833333333333, 13.833333333333332, 59.388888888888886, 43.41666666666666, 57.36623988906251, 54.041666666666664, 8.110497768680155, 54.863260548253145, 55.36885949599527, 6.884327334687629, 56.72997060710638, 38.43055555555555, 1.8034651248602172, 0.8811995104514277, 8.083333333333332, 13.922016177876868, 6.152777777777778, 8.364380334189878, 65.69444444444444, 10.263275546457933, 47.19424599123711, 10.778151488289398, 9.40216443534682, 0.0, 0.0, 0.0, 0.0, 0.0, 0.0, 0.0, 0.0, 0.0, 0.0, 0.0, 0.0, 0.0, 0.0, 0.0, 0.0, 0.0, 0.0, 0.0]
	usedVehicles=5
	currentTime=[65.69444444444444, 57.36623988906251, 59.388888888888886, 46.975615125124726, 38.43055555555555]
	currentQuantity=[19.0, 20.0, 19.0, 20.0, 4.0]
	total_tour_length=12.059241735320416
	costObjectives=[12.059241735320416, 2.5475399894915283]
}

40:

Ant{
	tours=[[-1, 7, 8, 9, 12, 16, 10, 22, 14, 13, 40, 1, 32, 30, -1], [-1, 39, 38, 31, 19, 28, 44, 41, 43, 27, 24, 25, -1], [-1, 11, 18, 17, 21, 20, 37, 15, 23, 36, 29, -1], [-1, 0, 35, 34, 33, 26, 3, 5, 4, 42, 2, -1], [-1, 6, -1]]
	tour_lengths=[4.1405202859468595, 3.4232538263154257, 2.4957831820498795, 2.214931025867916, 1.1197580205970206]
	beginService=[0.0, 0.25946585683707507, 66.8027637482392, 48.49967061477421, 43.20833333333333, 46.33333333333333, 45.875, 38.43055555555555, 0.1416394309331329, 5.25, 5.736111111111112, 36.31944444444444, 2.5, 6.426709485046056, 46.783127288987984, 45.875, 13.430555555555555, 29.041666666666664, 4.4672547249401005, 3.969602615289471, 8.358509112190925, 5.578751341291767, 5.134306896847322, 42.95833333333333, 14.083333333333332, 59.388888888888886, 59.916666666666664, 40.49005932288141, 54.041666666666664, 9.433837206712, 17.46669896204226, 68.01073133103102, 6.884327334687629, 67.48295355325324, 38.43055555555555, 1.8034651248602172, 0.8811995104514277, 16.09722222222222, 7.495803513198988, 6.152777777777778, 0.268238998830944, 65.69444444444444, 11.58661498448978, 47.33620216132963, 12.101490926321244, 10.725503873378667, 0.0, 0.0, 0.0, 0.0, 0.0, 0.0, 0.0, 0.0, 0.0, 0.0, 0.0, 0.0, 0.0, 0.0, 0.0, 0.0, 0.0, 0.0, 0.0]
	usedVehicles=5
	currentTime=[68.01073133103102, 59.916666666666664, 17.46669896204226, 48.49967061477421, 38.43055555555555]
	currentQuantity=[20.0, 18.0, 20.0, 20.0, 4.0]
	total_tour_length=13.3942463407771
	costObjectives=[13.3942463407771, 3.020762265349839]
}

41:

Ant{
	tours=[[-1, 7, 8, 9, 10, 12, 14, 13, 40, 1, 2, 42, 4, -1], [-1, 39, 19, 23, 15, 37, 16, 6, 33, 22, 24, -1], [-1, 11, 18, 17, 21, 20, 38, 31, 28, 44, 41, 25, -1], [-1, 0, 35, 34, 36, 29, 30, 32, 26, 3, 5, 27, -1], [-1, 43, -1]]
	tour_lengths=[2.4872034692514804, 3.7930657978422593, 3.0095493375752436, 3.68957521755603, 1.6256527653777257]
	beginService=[0.0, 0.25946585683707507, 66.8027637482392, 67.24720819268364, 43.20833333333333, 69.4135454741245, 45.875, 38.43055555555555, 0.1416394309331329, 5.25, 5.736111111111112, 36.31944444444444, 2.5, 36.953062490997404, 46.783127288987984, 45.875, 15.736111111111109, 29.041666666666664, 4.4672547249401005, 3.969602615289471, 7.680555555555555, 5.578751341291767, 5.134306896847322, 43.180677378541056, 13.833333333333332, 59.388888888888886, 12.655709094721955, 11.955789413962739, 54.041666666666664, 9.567704797427664, 9.452810073153369, 9.958409020895491, 8.341534363435137, 11.319520132006602, 40.722222222222214, 1.8034651248602172, 0.8811995104514277, 8.083333333333332, 16.22757173343242, 7.6099848065252855, 0.268238998830944, 65.69444444444444, 11.720482575205443, 68.41067664612821, 0.8128263826888629, 10.85937146409433, 0.0, 0.0, 0.0, 0.0, 0.0, 0.0, 0.0, 0.0, 0.0, 0.0, 0.0, 0.0, 0.0, 0.0, 0.0, 0.0, 0.0, 0.0, 0.0]
	usedVehicles=5
	currentTime=[69.4135454741245, 59.388888888888886, 12.655709094721955, 54.041666666666664, 0.8128263826888629]
	currentQuantity=[20.0, 20.0, 20.0, 19.0, 3.0]
	total_tour_length=14.60504658760274
	costObjectives=[14.60504658760274, 2.1674130324645335]
}

42:

Ant{
	tours=[[-1, 7, 8, 9, 12, 13, 10, 6, 14, 40, 2, -1], [-1, 38, 31, 28, 36, 23, 32, 30, 29, 41, 27, -1], [-1, 11, 18, 17, 21, 20, 19, 39, 15, 37, 16, 22, 25, 24, -1], [-1, 0, 35, 34, 33, 3, 5, 42, 4, 1, 26, -1], [-1, 44, 43, -1]]
	tour_lengths=[2.9106871292384433, 3.3521956134015705, 2.1323465301609037, 2.304787392585836, 1.6307637314355747]
	beginService=[0.0, 0.25946585683707507, 48.631555316638426, 66.78387623492479, 43.20833333333333, 47.444123405972256, 45.875, 38.43055555555555, 0.1416394309331329, 5.25, 5.736111111111112, 36.31944444444444, 2.5, 6.426709485046056, 7.368518508322538, 45.875, 13.430555555555555, 29.041666666666664, 4.4672547249401005, 3.969602615289471, 7.680555555555555, 5.578751341291767, 5.134306896847322, 42.95833333333333, 13.833333333333332, 59.388888888888886, 43.41666666666666, 49.09214250636298, 54.041666666666664, 8.110497768680155, 17.677275055728206, 16.338342774652748, 6.884327334687629, 15.81056499687497, 38.43055555555555, 1.8034651248602172, 0.8811995104514277, 9.805159174057437, 13.922016177876868, 6.152777777777778, 8.364380334189878, 65.69444444444444, 18.467653501480253, 46.441254577975954, 9.772254517597815, 8.819444444444445, 0.0, 0.0, 0.0, 0.0, 0.0, 0.0, 0.0, 0.0, 0.0, 0.0, 0.0, 0.0, 0.0, 0.0, 0.0, 0.0, 0.0, 0.0, 0.0]
	usedVehicles=5
	currentTime=[66.78387623492479, 54.041666666666664, 59.388888888888886, 49.09214250636298, 9.772254517597815]
	currentQuantity=[19.0, 20.0, 19.0, 19.0, 5.0]
	total_tour_length=12.33078039682233
	costObjectives=[12.33078039682233, 1.7214318819659957]
}

43:

Ant{
	tours=[[-1, 7, 8, 9, 12, 13, 14, 42, 3, 5, 4, 2, 26, -1], [-1, 38, 23, 15, 37, 16, 10, 22, 25, 24, 40, 30, -1], [-1, 11, 18, 17, 21, 20, 19, 39, 43, 27, -1], [-1, 0, 35, 34, 31, 28, 44, 36, 29, 41, 32, 1, -1], [-1, 33, 6, -1]]
	tour_lengths=[2.4882291336882467, 2.9902872508548963, 2.994984417637973, 3.332537438370592, 1.7822627093986927]
	beginService=[0.0, 0.25946585683707507, 14.497074089612797, 50.663060952367246, 48.31390610412723, 49.49351321800863, 49.0351798846753, 40.722222222222214, 0.1416394309331329, 5.25, 5.736111111111112, 36.31944444444444, 2.5, 6.426709485046056, 7.368518508322538, 45.875, 15.736111111111109, 29.041666666666664, 4.4672547249401005, 3.969602615289471, 7.680555555555555, 5.578751341291767, 5.134306896847322, 42.95833333333333, 13.833333333333332, 59.388888888888886, 43.41666666666666, 51.56721400116715, 54.041666666666664, 8.101170433992525, 12.067460722464313, 67.0943355015103, 6.875, 13.816884284598766, 38.43055555555555, 1.8034651248602172, 0.8811995104514277, 10.697983982644276, 16.22757173343242, 6.152777777777778, 8.364380334189878, 65.69444444444444, 12.85783916821636, 47.19424599123711, 10.059272690816035, 9.392837100659191, 0.0, 0.0, 0.0, 0.0, 0.0, 0.0, 0.0, 0.0, 0.0, 0.0, 0.0, 0.0, 0.0, 0.0, 0.0, 0.0, 0.0, 0.0, 0.0]
	usedVehicles=5
	currentTime=[51.56721400116715, 67.0943355015103, 54.041666666666664, 14.497074089612797, 40.722222222222214]
	currentQuantity=[20.0, 17.0, 17.0, 20.0, 8.0]
	total_tour_length=13.5883009499504
	costObjectives=[13.5883009499504, 1.5502747289718994]
}

44:

Ant{
	tours=[[-1, 7, 8, 9, 10, 3, 5, 14, 40, 12, 13, 42, -1], [-1, 38, 31, 28, 44, 36, 23, 32, 30, 29, -1], [-1, 11, 18, 17, 21, 20, 19, 39, 15, 37, 16, 22, 25, 24, -1], [-1, 0, 35, 34, 4, 1, 2, 26, 41, 43, 27, -1], [-1, 33, 6, -1]]
	tour_lengths=[3.4200491316622657, 2.706732455786069, 2.1323465301609037, 3.1946197719027105, 1.7822627093986927]
	beginService=[0.0, 0.25946585683707507, 4.75945688837623, 5.203901332820674, 43.20833333333333, 3.572024977710064, 45.875, 40.722222222222214, 0.1416394309331329, 5.25, 5.736111111111112, 36.31944444444444, 2.5, 66.82207805695023, 67.76388708022671, 46.9257062339174, 13.430555555555555, 29.041666666666664, 4.4672547249401005, 3.969602615289471, 7.680555555555555, 5.578751341291767, 5.134306896847322, 42.95833333333333, 13.833333333333332, 59.388888888888886, 43.41666666666666, 6.1080543816205735, 54.041666666666664, 8.110497768680155, 17.677275055728206, 16.338342774652748, 6.884327334687629, 15.81056499687497, 38.43055555555555, 1.8034651248602172, 0.8811995104514277, 10.707311317331905, 13.922016177876868, 6.152777777777778, 8.364380334189878, 65.69444444444444, 7.692544230675571, 69.13171711925153, 8.207420172507035, 9.40216443534682, 0.0, 0.0, 0.0, 0.0, 0.0, 0.0, 0.0, 0.0, 0.0, 0.0, 0.0, 0.0, 0.0, 0.0, 0.0, 0.0, 0.0, 0.0, 0.0]
	usedVehicles=5
	currentTime=[69.13171711925153, 17.677275055728206, 59.388888888888886, 54.041666666666664, 40.722222222222214]
	currentQuantity=[17.0, 20.0, 19.0, 18.0, 8.0]
	total_tour_length=13.23601059891064
	costObjectives=[13.23601059891064, 1.637786422263573]
}

45:

Ant{
	tours=[[-1, 7, 8, 9, 10, 12, 14, 13, 5, 40, 2, 42, 4, -1], [-1, 1, 26, 30, 28, 41, 44, 43, 29, 27, 32, -1], [-1, 11, 18, 17, 21, 20, 38, 39, 19, 37, 33, 3, -1], [-1, 0, 35, 34, 36, 31, 23, 15, 16, 22, 25, 24, -1], [-1, 6, -1]]
	tour_lengths=[3.1926168801721344, 2.97924503923224, 3.766182016148659, 2.1737155589616814, 1.1197580205970206]
	beginService=[0.0, 0.25946585683707507, 0.22395160411940412, 66.78387623492479, 43.20833333333333, 68.95021351636565, 48.30040908077938, 38.43055555555555, 0.1416394309331329, 5.25, 5.736111111111112, 36.31944444444444, 2.5, 36.953062490997404, 46.783127288987984, 45.875, 15.736111111111109, 29.041666666666664, 4.4672547249401005, 3.969602615289471, 9.363254029604054, 5.578751341291767, 5.134306896847322, 42.95833333333333, 13.833333333333332, 59.388888888888886, 43.41666666666666, 0.684538793843965, 54.041666666666664, 3.8055555555555554, 11.494068066249566, 1.8447777465089596, 9.402777777777777, 55.0189010019614, 38.43055555555555, 1.8034651248602172, 0.8811995104514277, 8.083333333333332, 10.046717539497088, 7.6099848065252855, 8.262762584303063, 65.69444444444444, 5.125, 67.94734468836936, 9.772254517597815, 8.819444444444445, 0.0, 0.0, 0.0, 0.0, 0.0, 0.0, 0.0, 0.0, 0.0, 0.0, 0.0, 0.0, 0.0, 0.0, 0.0, 0.0, 0.0, 0.0, 0.0]
	usedVehicles=5
	currentTime=[68.95021351636565, 55.0189010019614, 43.20833333333333, 59.388888888888886, 38.43055555555555]
	currentQuantity=[20.0, 18.0, 20.0, 20.0, 4.0]
	total_tour_length=13.231517515111735
	costObjectives=[13.231517515111735, 2.6464239955516384]
}

46:

Ant{
	tours=[[-1, 7, 8, 9, 10, 3, 5, 42, 1, 2, 4, 40, 12, 13, -1], [-1, 38, 31, 28, 44, 41, 43, 27, 30, 32, 26, -1], [-1, 11, 18, 17, 21, 20, 19, 39, 15, 37, 16, 22, 25, 24, -1], [-1, 0, 35, 34, 36, 29, 23, 33, 14, -1], [-1, 6, -1]]
	tour_lengths=[3.2636827919750813, 2.207867972812716, 2.1323465301609037, 3.6023577477904283, 1.1197580205970206]
	beginService=[0.0, 0.25946585683707507, 47.63058806736419, 48.07503251180863, 43.20833333333333, 49.244580246167246, 45.875, 38.43055555555555, 0.1416394309331329, 5.25, 5.736111111111112, 36.31944444444444, 2.5, 66.82207805695023, 67.76388708022671, 45.875, 13.430555555555555, 29.041666666666664, 4.4672547249401005, 3.969602615289471, 7.680555555555555, 5.578751341291767, 5.134306896847322, 42.95833333333333, 13.833333333333332, 59.388888888888886, 43.41666666666666, 56.94891597374959, 54.041666666666664, 8.110497768680155, 9.452810073153369, 54.95153558068235, 6.884327334687629, 56.31264669179346, 38.43055555555555, 1.8034651248602172, 0.8811995104514277, 8.083333333333332, 13.922016177876868, 6.152777777777778, 8.364380334189878, 65.69444444444444, 10.263275546457933, 46.441254577975954, 10.778151488289398, 9.40216443534682, 0.0, 0.0, 0.0, 0.0, 0.0, 0.0, 0.0, 0.0, 0.0, 0.0, 0.0, 0.0, 0.0, 0.0, 0.0, 0.0, 0.0, 0.0, 0.0]
	usedVehicles=5
	currentTime=[67.76388708022671, 56.94891597374959, 59.388888888888886, 45.875, 38.43055555555555]
	currentQuantity=[20.0, 19.0, 19.0, 20.0, 4.0]
	total_tour_length=12.32601306333615
	costObjectives=[12.32601306333615, 2.4825997271934077]
}

47:

Ant{
	tours=[[-1, 7, 8, 9, 1, 32, 30, 28, 44, 41, 43, 27, 29, -1], [-1, 39, 19, 15, 16, 37, 10, 22, 14, 24, 40, 12, 13, 25, -1], [-1, 11, 18, 17, 21, 20, 38, 31, 36, 23, -1], [-1, 0, 35, 34, 33, 26, 3, 5, 42, 4, 2, -1], [-1, 6, -1]]
	tour_lengths=[2.4951646695806136, 5.0108236593866025, 2.310491477677007, 2.3289315514245823, 1.1197580205970206]
	beginService=[0.0, 0.25946585683707507, 6.434006343490509, 48.61367114033087, 43.20833333333333, 47.444123405972256, 45.875, 38.43055555555555, 0.1416394309331329, 5.25, 5.736111111111112, 36.31944444444444, 2.5, 66.82207805695023, 67.76388708022671, 45.875, 13.430555555555555, 29.041666666666664, 4.4672547249401005, 3.969602615289471, 7.680555555555555, 5.578751341291767, 5.134306896847322, 42.95833333333333, 13.833333333333332, 59.388888888888886, 69.31904188357039, 40.49005932288141, 54.041666666666664, 9.311868827888734, 54.863260548253145, 7.6419739262823185, 8.341534363435137, 7.114196148504541, 38.43055555555555, 1.8034651248602172, 0.8811995104514277, 9.244312141212916, 29.48611111111111, 7.6099848065252855, 0.268238998830944, 65.69444444444444, 11.464646605666513, 46.441254577975954, 11.979522547497977, 10.6035354945554, 0.0, 0.0, 0.0, 0.0, 0.0, 0.0, 0.0, 0.0, 0.0, 0.0, 0.0, 0.0, 0.0, 0.0, 0.0, 0.0, 0.0, 0.0, 0.0]
	usedVehicles=5
	currentTime=[54.863260548253145, 69.31904188357039, 13.833333333333332, 48.61367114033087, 38.43055555555555]
	currentQuantity=[20.0, 18.0, 20.0, 20.0, 4.0]
	total_tour_length=13.265169378665826
	costObjectives=[13.265169378665826, 3.891065638789582]
}

48:

Ant{
	tours=[[-1, 7, 8, 9, 12, 13, 14, 42, 3, 5, 4, 1, 2, 32, -1], [-1, 38, 23, 15, 37, 16, 10, 22, 25, 24, 40, 30, -1], [-1, 11, 18, 17, 21, 20, 19, 39, 43, 27, -1], [-1, 0, 35, 34, 26, 31, 28, 44, 36, 29, 41, -1], [-1, 33, 6, -1]]
	tour_lengths=[2.8440422680289106, 2.9902872508548963, 2.994984417637973, 3.3034401322024105, 1.7822627093986927]
	beginService=[0.0, 0.25946585683707507, 50.6809451286748, 51.12538957311924, 48.31390610412723, 49.49351321800863, 49.0351798846753, 40.722222222222214, 0.1416394309331329, 5.25, 5.736111111111112, 36.31944444444444, 2.5, 6.426709485046056, 7.368518508322538, 45.875, 15.736111111111109, 29.041666666666664, 4.4672547249401005, 3.969602615289471, 7.680555555555555, 5.578751341291767, 5.134306896847322, 42.95833333333333, 13.833333333333332, 59.388888888888886, 43.41666666666666, 3.3683480151034018, 54.041666666666664, 8.101170433992525, 12.067460722464313, 67.0943355015103, 6.875, 52.24873142058898, 38.43055555555555, 1.8034651248602172, 0.8811995104514277, 10.697983982644276, 16.22757173343242, 6.152777777777778, 8.364380334189878, 65.69444444444444, 12.85783916821636, 47.19424599123711, 10.059272690816035, 9.392837100659191, 0.0, 0.0, 0.0, 0.0, 0.0, 0.0, 0.0, 0.0, 0.0, 0.0, 0.0, 0.0, 0.0, 0.0, 0.0, 0.0, 0.0, 0.0, 0.0]
	usedVehicles=5
	currentTime=[52.24873142058898, 67.0943355015103, 54.041666666666664, 12.85783916821636, 40.722222222222214]
	currentQuantity=[20.0, 17.0, 17.0, 20.0, 8.0]
	total_tour_length=13.915016778122883
	costObjectives=[13.915016778122883, 1.5211774228037178]
}

49:

Ant{
	tours=[[-1, 7, 8, 9, 2, 3, 4, 5, 42, 1, 26, 30, 29, 32, -1], [-1, 38, 23, 15, 37, 16, 10, 22, 25, 14, 24, 40, 12, 13, -1], [-1, 11, 18, 17, 21, 20, 19, 39, 41, 43, 27, -1], [-1, 0, 35, 34, 31, 28, 44, 36, 33, -1], [-1, 6, -1]]
	tour_lengths=[2.380159380319965, 4.272027027242796, 3.0243970691116338, 2.7541016486050705, 1.1197580205970206]
	beginService=[0.0, 0.25946585683707507, 47.63058806736419, 6.411126044968588, 43.20833333333333, 43.900686572795536, 45.875, 38.43055555555555, 0.1416394309331329, 5.25, 5.736111111111112, 36.31944444444444, 2.5, 66.82207805695023, 67.76388708022671, 45.875, 15.736111111111109, 29.041666666666664, 4.4672547249401005, 3.969602615289471, 7.680555555555555, 5.578751341291767, 5.134306896847322, 42.95833333333333, 13.833333333333332, 59.388888888888886, 43.41666666666666, 48.09117525708874, 54.041666666666664, 8.101170433992525, 50.5903464908292, 49.25141420975374, 6.875, 51.18756871305142, 38.43055555555555, 1.8034651248602172, 0.8811995104514277, 10.697983982644276, 16.22757173343242, 6.152777777777778, 8.364380334189878, 65.69444444444444, 9.990476067124897, 46.441254577975954, 10.505352008956361, 9.392837100659191, 0.0, 0.0, 0.0, 0.0, 0.0, 0.0, 0.0, 0.0, 0.0, 0.0, 0.0, 0.0, 0.0, 0.0, 0.0, 0.0, 0.0, 0.0, 0.0]
	usedVehicles=5
	currentTime=[51.18756871305142, 67.76388708022671, 54.041666666666664, 38.43055555555555, 38.43055555555555]
	currentQuantity=[20.0, 20.0, 18.0, 20.0, 4.0]
	total_tour_length=13.550443145876486
	costObjectives=[13.550443145876486, 3.1522690066457755]
}

50:

Ant{
	tours=[[-1, 7, 8, 9, 10, 3, 5, 42, 4, 1, 2, 26, 30, 32, -1], [-1, 38, 23, 15, 37, 16, 22, 25, 14, 24, 40, 12, 13, -1], [-1, 11, 18, 17, 21, 20, 19, 39, 28, 33, -1], [-1, 0, 35, 34, 31, 36, 29, 44, 41, 43, 27, -1], [-1, 6, -1]]
	tour_lengths=[2.5057576630546983, 3.594497893530888, 3.3816388641019737, 2.3943487055429444, 1.1197580205970206]
	beginService=[0.0, 0.25946585683707507, 48.631555316638426, 49.07599976108287, 43.20833333333333, 47.444123405972256, 45.875, 38.43055555555555, 0.1416394309331329, 5.25, 5.736111111111112, 36.31944444444444, 2.5, 66.82207805695023, 67.76388708022671, 45.875, 15.736111111111109, 29.041666666666664, 4.4672547249401005, 3.969602615289471, 7.680555555555555, 5.578751341291767, 5.134306896847322, 42.95833333333333, 13.833333333333332, 59.388888888888886, 43.41666666666666, 49.980152809882775, 54.041666666666664, 9.921136814362402, 9.452810073153369, 51.14039176254777, 6.875, 52.501502873658886, 38.43055555555555, 1.8034651248602172, 0.8811995104514277, 8.083333333333332, 16.22757173343242, 6.152777777777778, 8.364380334189878, 65.69444444444444, 11.086316975232972, 46.441254577975954, 11.601192917064436, 10.22520586412186, 0.0, 0.0, 0.0, 0.0, 0.0, 0.0, 0.0, 0.0, 0.0, 0.0, 0.0, 0.0, 0.0, 0.0, 0.0, 0.0, 0.0, 0.0, 0.0]
	usedVehicles=5
	currentTime=[52.501502873658886, 67.76388708022671, 38.43055555555555, 54.041666666666664, 38.43055555555555]
	currentQuantity=[20.0, 19.0, 20.0, 19.0, 4.0]
	total_tour_length=12.996001146827524
	costObjectives=[12.996001146827524, 2.4747398729338674]
}

51:

Ant{
	tours=[[-1, 7, 8, 9, 12, 13, 14, 42, 5, 4, 1, 2, 26, -1], [-1, 38, 31, 28, 44, 23, 36, 33, 3, -1], [-1, 11, 18, 17, 21, 20, 19, 39, 15, 37, 16, 10, 22, 25, 24, -1], [-1, 0, 35, 34, 30, 29, 41, 43, 27, 32, 40, -1], [-1, 6, -1]]
	tour_lengths=[2.0925451056446756, 2.862170351090462, 2.8098756638728113, 2.703094227193908, 1.1197580205970206]
	beginService=[0.0, 0.25946585683707507, 49.822932479879235, 50.26737692432368, 43.20833333333333, 48.635500569213065, 48.177167235879736, 38.43055555555555, 0.1416394309331329, 5.25, 5.736111111111112, 36.31944444444444, 2.5, 6.426709485046056, 7.368518508322538, 45.875, 13.430555555555555, 29.041666666666664, 4.4672547249401005, 3.969602615289471, 7.680555555555555, 5.578751341291767, 5.134306896847322, 42.95833333333333, 13.833333333333332, 59.388888888888886, 43.41666666666666, 51.17152997312358, 54.041666666666664, 8.110497768680155, 4.682405920072077, 3.3434736389966213, 6.884327334687629, 55.0189010019614, 38.43055555555555, 1.8034651248602172, 0.8811995104514277, 15.84722222222222, 13.922016177876868, 6.152777777777778, 8.364380334189878, 65.69444444444444, 5.4727843658241255, 47.19424599123711, 5.987660307655591, 9.40216443534682, 0.0, 0.0, 0.0, 0.0, 0.0, 0.0, 0.0, 0.0, 0.0, 0.0, 0.0, 0.0, 0.0, 0.0, 0.0, 0.0, 0.0, 0.0, 0.0]
	usedVehicles=5
	currentTime=[51.17152997312358, 43.20833333333333, 59.388888888888886, 65.69444444444444, 38.43055555555555]
	currentQuantity=[20.0, 20.0, 20.0, 18.0, 4.0]
	total_tour_length=11.587443368398876
	costObjectives=[11.587443368398876, 1.7424123304934414]
}

